GRT_LABELLED_REGRESSION_DATA_FILE_V1.0
DatasetName: NOT_SET
InfoText: 
NumInputDimensions: 3
NumTargetDimensions: 1
TotalNumTrainingExamples: 2017
UseExternalRanges: 0
LabelledRegressionData:
0.559238	0.0337794	0.59441	0
0.561912	0.0333894	0.593508	0
0.564742	0.0328072	0.592964	0
0.568056	0.031689	0.592979	0
0.571677	0.0315364	0.59329	0
0.575801	0.0311532	0.593578	0
0.5798	0.0305799	0.593818	0
0.583961	0.0325025	0.594076	0
0.587941	0.0366273	0.594194	0
0.591657	0.0396144	0.593891	0
0.594477	0.0403091	0.593248	0
0.597021	0.0388972	0.592786	0
0.600019	0.0377062	0.592609	0
0.603831	0.0367621	0.592275	0
0.60773	0.0362838	0.591523	0
0.611657	0.0377752	0.590621	0
0.615672	0.0413655	0.590131	0
0.619609	0.0407807	0.589809	0
0.62306	0.0390614	0.588538	0
0.626133	0.0392198	0.586742	0
0.629921	0.0390476	0.58509	0
0.633752	0.0392541	0.58432	0
0.639826	0.0417029	0.583665	0
0.643427	0.0433314	0.582963	0
0.646978	0.0415763	0.582381	0
0.648726	0.0410502	0.582335	0
0.652632	0.0410112	0.5824	0
0.658856	0.0431974	0.581628	0
0.663193	0.041462	0.58029	0
0.66746	0.038119	0.579149	0
0.672407	0.0347046	0.578472	0
0.678909	0.0340466	0.577712	0
0.685396	0.0373582	0.576585	0
0.692386	0.0398515	0.575398	0
0.698168	0.0409555	0.57466	0
0.704377	0.0414815	0.573742	0
0.711251	0.0420995	0.57213	0
0.717916	0.0422917	0.570445	0
0.725444	0.0417056	0.569193	0
0.732894	0.0433817	0.568775	0
0.740118	0.0471569	0.568812	0
0.747386	0.050574	0.568695	0
0.753888	0.0512985	0.568354	0
0.760022	0.0512115	0.567973	0
0.765508	0.0536463	0.56763	0
0.769666	0.0596089	0.56729	0
0.773463	0.0644087	0.567072	0
0.778	0.0641246	0.567483	0
0.781493	0.057865	0.568142	0
0.785297	0.0536403	0.56805	0
0.789901	0.0514322	0.566557	0
0.794791	0.053044	0.563662	0
0.798849	0.0566356	0.560732	0
0.805494	0.0579027	0.557664	0
0.809713	0.0560009	0.557128	0
0.814082	0.0540826	0.556681	0
0.818643	0.0539798	0.555596	0
0.823263	0.0546795	0.554024	0
0.827011	0.0552427	0.552607	0
0.83182	0.0537305	0.551238	0
0.836051	0.0528436	0.550148	0
0.840438	0.0523855	0.549115	0
0.844333	0.0509817	0.548235	0
0.848614	0.0500259	0.547139	0
0.852379	0.0501136	0.54604	0
0.856556	0.0505592	0.544913	0
0.860242	0.051626	0.54402	0
0.863807	0.0521672	0.543405	0
0.867735	0.0504974	0.543076	0
0.871809	0.0498405	0.542726	0
0.875267	0.0514345	0.542122	0
0.879065	0.0523073	0.541271	0
0.882628	0.0535595	0.540317	0
0.885822	0.0555276	0.539617	0
0.888383	0.0577452	0.539496	0
0.891875	0.0587182	0.53991	0
0.896321	0.0558273	0.540542	0
0.900104	0.0541274	0.54092	0
0.906407	0.0563237	0.540966	0
0.905974	0.0572723	0.540966	0
0.910797	0.0564287	0.540911	0
0.916675	0.0585847	0.540508	0
0.919901	0.0593113	0.540324	0
0.923278	0.0585019	0.540149	0
0.926996	0.0579508	0.539786	0
0.927523	0.0614933	0.539054	0
0.928807	0.0637083	0.538165	0
0.929742	0.066001	0.537122	0
0.929743	0.0688899	0.535969	0
0.925928	0.0741554	0.534814	0
0.921475	0.0797853	0.533647	0
0.915983	0.08549	0.532552	0
0.910245	0.0895561	0.531774	0
0.901164	0.0954149	0.531327	0
0.88865	0.103119	0.531127	0
0.875286	0.110806	0.530969	0
0.860615	0.117953	0.530502	0
0.84267	0.12698	0.529543	0
0.82468	0.134756	0.528236	0
0.808483	0.139836	0.527182	0
0.795565	0.142223	0.527086	0
0.781153	0.144253	0.528101	0
0.766502	0.144483	0.529864	0
0.753931	0.142516	0.531262	0
0.740078	0.144008	0.531966	0
0.728065	0.143952	0.53267	0
0.716268	0.142101	0.53409	0
0.704408	0.138962	0.536042	0
0.691508	0.135607	0.537747	0
0.677288	0.137157	0.538781	0
0.66297	0.142453	0.539441	0
0.646948	0.140349	0.540651	0
0.634892	0.129066	0.542862	0
0.622418	0.121918	0.545688	0
0.598242	0.127761	0.548164	0
0.593864	0.129333	0.548395	0
0.565817	0.119855	0.551542	0
0.550051	0.111554	0.553662	0
0.534256	0.107069	0.555142	0
0.520393	0.102516	0.555579	0
0.509197	0.0975619	0.555525	0
0.49766	0.0899864	0.554902	0
0.488501	0.0962794	0.553672	0
0.478692	0.10091	0.55333	0
0.46627	0.0920545	0.555121	0
0.45432	0.0815488	0.557541	0
0.443119	0.0796549	0.55817	0
0.432592	0.0867901	0.556562	0
0.419788	0.089182	0.555368	0
0.405633	0.080338	0.556729	0
0.393924	0.0690469	0.559483	0
0.382751	0.0676622	0.561237	0
0.372277	0.0706873	0.561705	0
0.361249	0.0703694	0.563059	0
0.350549	0.0637039	0.566237	0
0.339926	0.0587962	0.569575	0
0.32969	0.060373	0.571786	0
0.318889	0.0599859	0.573708	0
0.308371	0.0568655	0.576353	0
0.29906	0.0531298	0.578971	0
0.289917	0.0540782	0.580435	0
0.279824	0.0566417	0.581822	0
0.269316	0.0537783	0.584404	0
0.258535	0.0511689	0.588319	0
0.249359	0.0473692	0.591576	0
0.240331	0.0499911	0.59373	0
0.231952	0.0510788	0.595247	0
0.222355	0.0469177	0.597095	0
0.213483	0.0434814	0.598611	0
0.204521	0.0407872	0.599782	0
0.197288	0.0396909	0.600623	0
0.188634	0.0369146	0.601883	0
0.181343	0.0351925	0.603377	0
0.173476	0.0340705	0.604885	0
0.156493	0.0326923	0.608669	0
0.147295	0.033134	0.611602	0
0.136683	0.0328666	0.615092	0
0.124107	0.0279267	0.619298	0
0.112465	0.0243421	0.623468	0
0.103395	0.023361	0.626951	0
0.0945814	0.0213899	0.630502	0
0.0863426	0.0201853	0.633971	0
0.0782888	0.0185612	0.637474	0
0.0714617	0.0170365	0.640656	0
0.0649944	0.0180888	0.644031	0
0.0589692	0.0188231	0.647395	0
0.0528296	0.0188959	0.650667	0
0.0474945	0.0204024	0.6533	0
0.0408105	0.02262	0.656763	0
0.0358148	0.0230467	0.659827	0
0.0328947	0.0270307	0.662177	0
0.0303416	0.0311754	0.664173	0
0.0284662	0.033826	0.665886	0
0.0271594	0.0347255	0.667708	0
0.0263557	0.035329	0.669335	0
0.0266239	0.0407819	0.670503	0
0.0289544	0.0465834	0.670442	0
0.0317898	0.0513448	0.670407	0
0.0340127	0.0523724	0.670269	0
0.0375149	0.0519799	0.669689	0
0.0413291	0.0527425	0.668595	0
0.0446181	0.0517767	0.666982	0
0.0483026	0.0494898	0.665168	0
0.0521146	0.0475803	0.663132	0
0.0557085	0.0453782	0.660817	0
0.0590556	0.0420044	0.658348	0
0.0624731	0.0380765	0.655714	0
0.0658478	0.0362311	0.65329	0
0.0692383	0.033945	0.650893	0
0.0729822	0.0314025	0.648241	0
0.0767	0.0302701	0.646236	0
0.0812004	0.0281613	0.64474	0
0.0857783	0.0253088	0.643675	0
0.0915754	0.0247956	0.6424	0
0.0962278	0.0239152	0.640694	0
0.100876	0.021982	0.638837	0
0.105212	0.0207678	0.637344	0
0.109653	0.0196865	0.636172	0
0.115084	0.0211492	0.635191	0
0.11967	0.0211146	0.634196	0
0.123742	0.0203453	0.633247	0
0.128068	0.0191346	0.632469	0
0.13288	0.0176787	0.631804	0
0.139477	0.0194366	0.630955	0
0.14524	0.0195131	0.629687	0
0.150549	0.0176283	0.628121	0
0.155936	0.0172554	0.626762	0
0.162308	0.0194951	0.625382	0
0.172853	0.0206322	0.623061	0
0.178408	0.0194593	0.621459	0
0.18441	0.0172563	0.620067	0
0.19138	0.0175765	0.61871	0
0.200852	0.0216955	0.616848	0
0.207959	0.0207434	0.615165	0
0.21469	0.0185804	0.613708	0
0.221866	0.0175386	0.612377	0
0.231246	0.0231515	0.611282	0
0.240156	0.0280079	0.609978	0
0.246518	0.0259541	0.608684	0
0.25309	0.0231204	0.607298	0
0.26066	0.0234649	0.60609	0
0.269633	0.0285699	0.604835	0
0.277035	0.0301142	0.603238	0
0.283867	0.0273521	0.601306	0
0.2904	0.0245589	0.5992	0
0.298463	0.0273154	0.596642	0
0.306255	0.0307548	0.594396	0
0.314698	0.0312246	0.592203	0
0.321548	0.0300426	0.590618	0
0.32858	0.0271529	0.58866	0
0.3362	0.0249707	0.586042	0
0.344075	0.0237767	0.583439	0
0.355291	0.0278701	0.581209	0
0.365482	0.030287	0.579765	0
0.375301	0.0310556	0.578414	0
0.384571	0.0340541	0.577501	0
0.398679	0.0422774	0.576523	0
0.407172	0.0434692	0.575083	0
0.415711	0.0400792	0.573501	0
0.424514	0.0389211	0.572834	0
0.436652	0.0483638	0.572933	0
0.445333	0.0518283	0.572849	0
0.455145	0.051898	0.571775	0
0.462921	0.0506454	0.570694	0
0.471407	0.0519201	0.570213	0
0.481167	0.0555767	0.570257	0
0.490514	0.0580642	0.57024	0
0.499672	0.056809	0.5699	0
0.508297	0.0559668	0.569401	0
0.512803	0.0567144	0.569216	0
0.522313	0.0587804	0.569088	0
0.531241	0.0597553	0.569403	0
0.540587	0.0588767	0.569877	0
0.55015	0.0586568	0.570108	0
0.567279	0.0580061	0.569714	0
0.576777	0.0580697	0.569472	0
0.587051	0.0631653	0.569379	0
0.594984	0.0637444	0.56942	0
0.60466	0.0611975	0.569311	0
0.613502	0.0606635	0.568915	0
0.622481	0.0599364	0.568351	0
0.631901	0.0619009	0.567773	0
0.640491	0.0639169	0.567509	0
0.64941	0.0641775	0.56767	0
0.657165	0.0633618	0.568038	0
0.665115	0.0628717	0.567854	0
0.672131	0.0630878	0.566675	0
0.679754	0.0638583	0.564353	0
0.686108	0.0671635	0.561813	0
0.692551	0.0702947	0.559354	0
0.6988	0.071781	0.557324	0
0.704162	0.0735768	0.555342	0
0.709484	0.075696	0.552644	0
0.712751	0.0787457	0.549843	0
0.716213	0.0820739	0.546588	0
0.718548	0.0842864	0.543992	0
0.719841	0.0872333	0.54215	0
0.719742	0.0899615	0.541118	0
0.718603	0.0932557	0.540358	0
0.715704	0.0972968	0.539819	0
0.708818	0.105146	0.53938	0
0.699405	0.113554	0.539102	0
0.691963	0.117283	0.539391	0
0.682982	0.119681	0.540643	0
0.669955	0.124459	0.542559	0
0.65629	0.126469	0.544119	0
0.644635	0.121585	0.544422	0
0.632145	0.119152	0.544454	0
0.621682	0.118146	0.545274	0
0.609684	0.121751	0.546973	0
0.597312	0.122352	0.548712	0
0.58384	0.115876	0.5499	0
0.568662	0.109895	0.551421	0
0.555404	0.104238	0.553507	0
0.539976	0.0976028	0.55695	0
0.529618	0.0999581	0.558034	0
0.517501	0.101417	0.557929	0
0.499004	0.101244	0.558737	0
0.496571	0.097085	0.559149	0
0.47745	0.0851939	0.565372	0
0.469005	0.093196	0.567278	0
0.457814	0.100322	0.567896	0
0.445172	0.0973819	0.569357	0
0.432749	0.0859105	0.573018	0
0.42507	0.0831742	0.575297	0
0.418424	0.0919978	0.574892	0
0.408814	0.0994716	0.574163	0
0.397454	0.0951242	0.575633	0
0.387746	0.089842	0.578791	0
0.378666	0.0826947	0.582271	0
0.373075	0.0879053	0.584246	0
0.365831	0.0906304	0.585081	0
0.356548	0.0827306	0.586012	0
0.348105	0.0732308	0.587743	0
0.341507	0.0705273	0.589256	0
0.334531	0.0715574	0.58977	0
0.327365	0.0714722	0.589553	0
0.31989	0.0700853	0.589403	0
0.311261	0.067883	0.589423	0
0.302932	0.0669362	0.589731	0
0.294527	0.0654907	0.590795	0
0.28549	0.0608967	0.592327	0
0.277188	0.0570213	0.593269	0
0.269858	0.057982	0.593161	0
0.262798	0.0610166	0.592692	0
0.255063	0.0618192	0.592934	0
0.24692	0.057723	0.594051	0
0.238429	0.0545485	0.595538	0
0.231373	0.0515005	0.59662	0
0.225371	0.0504106	0.597434	0
0.219745	0.0507728	0.598289	0
0.21023	0.0479101	0.599955	0
0.203255	0.0431514	0.601362	0
0.195873	0.0396548	0.603019	0
0.189368	0.0373822	0.604455	0
0.183527	0.0344493	0.605742	0
0.177936	0.0300146	0.607323	0
0.173637	0.0274654	0.608575	0
0.169524	0.0267878	0.609268	0
0.16532	0.025771	0.609946	0
0.161682	0.0264933	0.610815	0
0.157902	0.0274159	0.611722	0
0.153119	0.0274909	0.612791	0
0.147923	0.0266144	0.613701	0
0.142619	0.0259084	0.61457	0
0.137257	0.0268177	0.615902	0
0.132846	0.0297251	0.617396	0
0.127146	0.0294889	0.619436	0
0.120449	0.0278057	0.622087	0
0.114456	0.0266117	0.624635	0
0.10965	0.0259885	0.627042	0
0.105594	0.0287727	0.629074	0
0.10132	0.0302606	0.630676	0
0.0951809	0.0282829	0.632442	0
0.0848075	0.0266922	0.637198	0
0.0840216	0.0258253	0.637728	0
0.0766491	0.0258141	0.641637	0
0.0732785	0.0257828	0.642439	0
0.0702604	0.0251254	0.643321	0
0.0673224	0.0256885	0.644778	0
0.0649104	0.0247376	0.646581	0
0.0629209	0.0239044	0.648041	0
0.0622332	0.0263368	0.648696	0
0.0648036	0.0328229	0.649222	0
0.0659263	0.0328796	0.649732	0
0.0683028	0.0306	0.649783	0
0.071892	0.0320348	0.648568	0
0.077487	0.0363717	0.646876	0
0.0832654	0.0388185	0.645562	0
0.0893219	0.0379805	0.644592	0
0.0970114	0.0390336	0.643221	0
0.10337	0.0377207	0.641171	0
0.110023	0.0361745	0.638757	0
0.116863	0.0335986	0.636998	0
0.125275	0.0306142	0.635653	0
0.134168	0.0314836	0.634266	0
0.143085	0.0330898	0.632375	0
0.15119	0.0329399	0.629917	0
0.158993	0.0311706	0.627179	0
0.166909	0.0303536	0.625009	0
0.176424	0.0276271	0.623516	0
0.186604	0.0290409	0.622329	0
0.196733	0.0309282	0.619975	0
0.205221	0.0297751	0.616734	0
0.214439	0.0291328	0.613616	0
0.225583	0.0273208	0.611765	0
0.237296	0.0327116	0.610864	0
0.248184	0.0355727	0.609011	0
0.257459	0.0350179	0.606291	0
0.266613	0.0332438	0.604662	0
0.278419	0.0315825	0.604504	0
0.291739	0.0350008	0.604574	0
0.304213	0.0384613	0.603513	0
0.31325	0.0373964	0.601796	0
0.322837	0.0371449	0.600672	0
0.333626	0.0335975	0.600409	0
0.347731	0.0367416	0.600153	0
0.361619	0.0444151	0.599115	0
0.376788	0.0457378	0.594554	0
0.38131	0.0460038	0.592812	0
0.391302	0.0451964	0.589961	0
0.402422	0.0444819	0.588999	0
0.414633	0.0432872	0.589522	0
0.433184	0.0379835	0.58795	0
0.434872	0.0371903	0.587475	0
0.453902	0.038594	0.582442	0
0.46598	0.0395888	0.582018	0
0.476717	0.0369515	0.582854	0
0.487006	0.0307153	0.58307	0
0.497195	0.02819	0.581814	0
0.508492	0.0295981	0.579586	0
0.519231	0.0320783	0.577985	0
0.530531	0.0326836	0.577496	0
0.540824	0.0337291	0.577675	0
0.551223	0.0350197	0.577514	0
0.560632	0.0370889	0.576644	0
0.570698	0.0396855	0.575305	0
0.579996	0.0444424	0.574104	0
0.589113	0.0473814	0.573304	0
0.589934	0.0474838	0.57324	0
0.602854	0.0455723	0.572156	0
0.611559	0.0483541	0.57038	0
0.61897	0.0528387	0.567935	0
0.627303	0.0564373	0.565024	0
0.634436	0.0592894	0.562848	0
0.641701	0.0591439	0.561536	0
0.648406	0.0569623	0.56061	0
0.655409	0.057264	0.559193	0
0.661572	0.0579597	0.557123	0
0.667668	0.0602532	0.554183	0
0.673069	0.0611949	0.551665	0
0.678681	0.0596286	0.549852	0
0.683909	0.0575783	0.548765	0
0.689698	0.0579068	0.54749	0
0.693132	0.0614453	0.545894	0
0.696954	0.0651355	0.543379	0
0.698766	0.0699247	0.541309	0
0.699174	0.0764026	0.539903	0
0.697955	0.0817506	0.539272	0
0.695429	0.0876141	0.538955	0
0.691828	0.0933839	0.538494	0
0.680816	0.108002	0.53776	0
0.67218	0.115878	0.53864	0
0.663452	0.11891	0.540645	0
0.654362	0.118048	0.543089	0
0.647704	0.120297	0.544788	0
0.634469	0.127366	0.546838	0
0.623992	0.129977	0.548623	0
0.612088	0.131652	0.550312	0
0.598979	0.132922	0.55149	0
0.585628	0.130655	0.552854	0
0.573301	0.123101	0.555085	0
0.561214	0.116791	0.558438	0
0.550414	0.118711	0.561158	0
0.537437	0.126984	0.56266	0
0.523437	0.128487	0.563751	0
0.507661	0.120746	0.566079	0
0.49375	0.109749	0.569383	0
0.48277	0.110614	0.572703	0
0.472527	0.116285	0.574495	0
0.457414	0.116539	0.574545	0
0.44192	0.11001	0.574614	0
0.42614	0.102413	0.575624	0
0.414484	0.102722	0.576841	0
0.402192	0.106478	0.577803	0
0.394005	0.104291	0.578408	0
0.373751	0.10063	0.58143	0
0.36994	0.0964695	0.582171	0
0.360755	0.0975797	0.582974	0
0.355355	0.105402	0.581972	0
0.348652	0.111313	0.581753	0
0.327606	0.100015	0.58641	0
0.315941	0.0915774	0.589168	0
0.306721	0.0904788	0.590366	0
0.297265	0.0942942	0.591017	0
0.2873	0.0938852	0.59277	0
0.275192	0.0878477	0.595763	0
0.263365	0.0829307	0.598046	0
0.24926	0.0802615	0.599379	0
0.238566	0.0808671	0.600396	0
0.236572	0.0788941	0.600681	0
0.220583	0.0749641	0.603985	0
0.20981	0.0703383	0.606942	0
0.200999	0.0685599	0.608543	0
0.191907	0.0685237	0.609188	0
0.181801	0.0654461	0.609992	0
0.170501	0.0609885	0.611484	0
0.159246	0.0570491	0.613234	0
0.146806	0.0531254	0.615324	0
0.13482	0.0499238	0.617254	0
0.122007	0.0479561	0.619059	0
0.110689	0.0481106	0.621053	0
0.0999572	0.0485628	0.624075	0
0.0908771	0.0484621	0.627318	0
0.0817476	0.0477361	0.630286	0
0.0744337	0.0480054	0.632527	0
0.0639333	0.0484607	0.63446	0
0.056934	0.0464342	0.635409	0
0.0512468	0.045195	0.636815	0
0.0475146	0.0475331	0.63814	0
0.0436397	0.0495218	0.639146	0
0.0387579	0.0534428	0.641172	0
0.0372707	0.0563402	0.643114	0
0.0440553	0.0641803	0.644604	0
0.0502715	0.0697029	0.646393	0
0.0535905	0.0704928	0.647298	0
0.0574355	0.071238	0.647143	0
0.0651025	0.0763899	0.646356	0
0.0792645	0.0846658	0.645746	0
0.0903126	0.0878791	0.645266	0
0.0997781	0.0874861	0.644257	0
0.1106	0.0878664	0.642553	0
0.121796	0.084884	0.640257	0
0.131916	0.0795011	0.638024	0
0.142911	0.076343	0.635815	0
0.153421	0.0735803	0.634142	0
0.164194	0.0681799	0.632612	0
0.175225	0.0637444	0.6311	0
0.186943	0.0632315	0.629527	0
0.197991	0.0616507	0.628089	0
0.211833	0.0625808	0.626441	0
0.225457	0.0624092	0.624883	0
0.239834	0.0583197	0.62369	0
0.256622	0.0543585	0.622231	0
0.281292	0.0469407	0.618333	0
0.283997	0.0448879	0.61784	0
0.309807	0.0417251	0.613581	0
0.325093	0.038341	0.612777	0
0.341319	0.0340136	0.612665	0
0.357004	0.0319666	0.611621	0
0.373586	0.031712	0.609033	0
0.390725	0.0346443	0.606551	0
0.408279	0.0352446	0.605693	0
0.424727	0.0317663	0.606284	0
0.440347	0.0277916	0.606468	0
0.456871	0.0251757	0.605407	0
0.47266	0.0223847	0.604342	0
0.490303	0.0239406	0.604396	0
0.507501	0.0279919	0.605301	0
0.522741	0.0264475	0.605863	0
0.537407	0.0256333	0.605503	0
0.553204	0.0260393	0.604766	0
0.569736	0.0422732	0.604748	0
0.583779	0.0526327	0.605347	0
0.595906	0.0479783	0.605069	0
0.605508	0.0397382	0.602787	0
0.615372	0.0431086	0.598331	0
0.624729	0.0488832	0.593513	0
0.634523	0.0484059	0.589603	0
0.64242	0.0458658	0.587564	0
0.650563	0.0442554	0.586226	0
0.658357	0.0431297	0.584183	0
0.666006	0.0439045	0.580274	0
0.672409	0.0482586	0.575853	0
0.678345	0.0540298	0.572136	0
0.684234	0.0561185	0.570569	0
0.689285	0.0596093	0.570326	0
0.693834	0.0646473	0.569871	0
0.697065	0.0703002	0.56844	0
0.69924	0.0774166	0.565926	0
0.69904	0.0846997	0.563796	0
0.697084	0.0939929	0.562311	0
0.694068	0.102887	0.561113	0
0.691672	0.108573	0.55953	0
0.687957	0.112839	0.557885	0
0.682167	0.120298	0.556582	0
0.674813	0.128468	0.555922	0
0.668285	0.133607	0.555816	0
0.662465	0.134672	0.556109	0
0.655239	0.139683	0.556573	0
0.645121	0.149542	0.557274	0
0.635226	0.155969	0.558662	0
0.625799	0.157005	0.560604	0
0.615101	0.157598	0.562757	0
0.593831	0.161817	0.56623	0
0.580049	0.164724	0.568422	0
0.567685	0.158308	0.571269	0
0.554965	0.14224	0.574946	0
0.545832	0.140569	0.577879	0
0.537647	0.147189	0.579473	0
0.52734	0.150634	0.580738	0
0.515131	0.144707	0.582689	0
0.502326	0.1355	0.585447	0
0.493019	0.133018	0.5885	0
0.485564	0.137352	0.59106	0
0.475454	0.137469	0.591811	0
0.461915	0.1327	0.591819	0
0.449019	0.129237	0.592252	0
0.435926	0.128186	0.594186	0
0.423965	0.120043	0.596759	0
0.413548	0.116227	0.599117	0
0.409108	0.111848	0.599411	0
0.402364	0.112843	0.598775	0
0.399194	0.121029	0.597199	0
0.393509	0.12629	0.596414	0
0.383131	0.11907	0.597754	0
0.37076	0.111384	0.600306	0
0.359731	0.104749	0.602111	0
0.350772	0.107409	0.603205	0
0.333479	0.10048	0.607824	0
0.325304	0.0931967	0.610734	0
0.318803	0.0874692	0.611694	0
0.313931	0.0905755	0.611626	0
0.31132	0.0944935	0.612218	0
0.304142	0.0903596	0.614254	0
0.294747	0.0825711	0.617142	0
0.286015	0.0776492	0.619437	0
0.277545	0.0745735	0.62111	0
0.270716	0.0719248	0.622559	0
0.26561	0.0673302	0.624157	0
0.260568	0.066192	0.625152	0
0.255333	0.0663222	0.625645	0
0.249614	0.0630312	0.626638	0
0.243682	0.0583498	0.628256	0
0.237744	0.0543703	0.629715	0
0.231872	0.0525832	0.630273	0
0.22541	0.0505282	0.630823	0
0.218292	0.0474694	0.632205	0
0.211623	0.0464971	0.633985	0
0.204977	0.0463444	0.635978	0
0.198868	0.0457655	0.63737	0
0.19242	0.0447682	0.638218	0
0.186234	0.0431323	0.639264	0
0.179725	0.0429345	0.640717	0
0.172922	0.0430598	0.642482	0
0.165792	0.0422938	0.644507	0
0.158547	0.042912	0.646524	0
0.152771	0.0448079	0.648286	0
0.147136	0.0462107	0.649808	0
0.141888	0.0472869	0.650817	0
0.136231	0.0472316	0.651541	0
0.130202	0.0471214	0.652205	0
0.124736	0.0466933	0.652787	0
0.118298	0.0449804	0.653417	0
0.111852	0.0436616	0.653389	0
0.101365	0.04527	0.652245	0
0.0961946	0.0459668	0.652635	0
0.0910865	0.0460354	0.653595	0
0.0868279	0.0477853	0.654483	0
0.0855119	0.0527994	0.654613	0
0.082407	0.0554191	0.653646	0
0.0779869	0.0578336	0.651981	0
0.0738988	0.0593809	0.651637	0
0.0710117	0.060665	0.653195	0
0.0683292	0.0622597	0.656083	0
0.0669214	0.0625243	0.657455	0
0.0633931	0.0638637	0.660028	0
0.0645069	0.0687459	0.661708	0
0.0642936	0.0722018	0.662296	0
0.0642099	0.0743161	0.663112	0
0.0654904	0.0766876	0.664724	0
0.0697992	0.0805918	0.666075	0
0.0744795	0.0833251	0.666796	0
0.0786598	0.0844913	0.667049	0
0.081954	0.0844243	0.66715	0
0.0935135	0.088524	0.667642	0
0.1043	0.0917406	0.667385	0
0.109854	0.0911693	0.666593	0
0.115304	0.0891544	0.664873	0
0.121894	0.0888018	0.662924	0
0.128255	0.0847967	0.661363	0
0.132642	0.0807362	0.660651	0
0.138062	0.0781225	0.659809	0
0.144126	0.0774682	0.658975	0
0.150531	0.0763301	0.658257	0
0.155824	0.0706982	0.657941	0
0.16109	0.0653664	0.657634	0
0.16669	0.0639415	0.656977	0
0.171491	0.060332	0.656297	0
0.176454	0.0577883	0.655508	0
0.182286	0.0577318	0.654553	0
0.188252	0.057355	0.654009	0
0.197991	0.0504726	0.653824	0
0.202965	0.0459736	0.653242	0
0.207509	0.0436326	0.652442	0
0.21265	0.0437131	0.651743	0
0.218194	0.0430212	0.651412	0
0.223603	0.0392857	0.651227	0
0.22924	0.0361061	0.650643	0
0.233962	0.0359316	0.649843	0
0.239017	0.0345631	0.6493	0
0.24412	0.032464	0.649117	0
0.24916	0.0306891	0.64874	0
0.254287	0.030007	0.647951	0
0.258831	0.0290789	0.64717	0
0.26438	0.0281824	0.646297	0
0.269696	0.0274668	0.645739	0
0.275011	0.0253292	0.64555	0
0.279681	0.023984	0.645433	0
0.285921	0.0237752	0.644949	0
0.293341	0.0274583	0.644708	0
0.298532	0.0274599	0.644972	0
0.304931	0.027258	0.645961	0
0.311691	0.030122	0.646801	0
0.317513	0.0280321	0.646922	0
0.321408	0.0276343	0.646758	0
0.328183	0.0291464	0.646652	0
0.33356	0.0284013	0.646941	0
0.339722	0.0301317	0.64745	0
0.345003	0.0301077	0.647305	0
0.350285	0.0308845	0.646742	0
0.355046	0.0317731	0.646455	0
0.360799	0.030603	0.646746	0
0.367602	0.029766	0.647426	0
0.373984	0.0293085	0.647755	0
0.38036	0.028844	0.64773	0
0.386641	0.0276873	0.647744	0
0.393321	0.0254977	0.647796	0
0.40017	0.0251086	0.647772	0
0.408085	0.0242828	0.64735	0
0.414296	0.0257167	0.647262	0
0.42225	0.0278702	0.647523	0
0.429842	0.028183	0.647896	0
0.435956	0.0329366	0.647959	0
0.443267	0.0339901	0.647586	0
0.450279	0.0361394	0.647314	0
0.457342	0.034756	0.647916	0
0.466459	0.0323688	0.649292	0
0.475497	0.033747	0.650683	0
0.483459	0.0333104	0.651421	0
0.490502	0.0326719	0.651348	0
0.496879	0.0333074	0.651329	0
0.504869	0.032362	0.652105	0
0.513261	0.0358165	0.653435	0
0.520724	0.0360035	0.654201	0
0.526316	0.0360046	0.653619	0
0.534715	0.0361018	0.652647	0
0.541544	0.0355302	0.652787	0
0.548737	0.0354458	0.652994	0
0.554676	0.0328667	0.652666	0
0.55971	0.0340135	0.65195	0
0.565311	0.0350408	0.651571	0
0.572577	0.0347713	0.651644	0
0.580437	0.0323035	0.651842	0
0.588271	0.0334597	0.652151	0
0.595522	0.0331478	0.652566	0
0.602095	0.0380443	0.652943	0
0.615193	0.0378393	0.65335	0
0.625892	0.0400862	0.653464	0
0.636676	0.0447325	0.653838	0
0.646068	0.0449374	0.654733	0
0.654556	0.0481846	0.656394	0
0.665705	0.0458313	0.658943	0
0.676942	0.0523342	0.662683	0
0.685337	0.062505	0.66638	0
0.693777	0.062641	0.669638	0
0.700712	0.0559171	0.672102	0
0.7083	0.0492543	0.67384	0
0.716029	0.0452377	0.67458	0
0.723179	0.0464396	0.674429	0
0.729813	0.0467631	0.673551	0
0.736511	0.0423673	0.672204	0
0.742238	0.0385005	0.670977	0
0.748314	0.0350626	0.669845	0
0.754069	0.0351003	0.668779	0
0.759815	0.03538	0.667483	0
0.765294	0.0331978	0.666042	0
0.770438	0.0314835	0.664731	0
0.774834	0.033245	0.663603	0
0.778654	0.0364299	0.662425	0
0.781886	0.0400346	0.660987	0
0.783382	0.0436936	0.659823	0
0.782921	0.048587	0.658993	0
0.780447	0.0544105	0.658425	0
0.777108	0.0588422	0.658047	0
0.772711	0.0631969	0.658138	0
0.766657	0.0679572	0.658563	0
0.759122	0.0724697	0.658854	0
0.744744	0.0760038	0.658895	0
0.736323	0.0757867	0.659549	0
0.728351	0.0751914	0.660923	0
0.716011	0.0785951	0.662366	0
0.707012	0.0791864	0.662524	0
0.694899	0.0785267	0.661976	0
0.679824	0.0835548	0.662017	0
0.671486	0.0777127	0.663076	0
0.66506	0.0767244	0.664081	0
0.658556	0.0769802	0.663798	0
0.651027	0.0758348	0.662597	0
0.643369	0.0746167	0.661863	0
0.63733	0.0699515	0.662094	0
0.631893	0.0727576	0.662173	0
0.625058	0.0749265	0.660993	0
0.61642	0.0733469	0.658917	0
0.606883	0.0749896	0.657393	0
0.600449	0.069414	0.657065	0
0.595594	0.0721489	0.656736	0
0.585723	0.0739779	0.654168	0
0.577056	0.0715248	0.652458	0
0.569111	0.0663549	0.652058	0
0.561402	0.065486	0.652276	0
0.553701	0.0684534	0.652283	0
0.544131	0.0694253	0.651988	0
0.534168	0.0718706	0.651562	0
0.52798	0.0664318	0.650913	0
0.523437	0.0722302	0.649173	0
0.518035	0.079356	0.647177	0
0.509424	0.0772686	0.646231	0
0.499344	0.0739803	0.646097	0
0.488868	0.0686949	0.646287	0
0.480109	0.0650407	0.64605	0
0.467547	0.0643233	0.644575	0
0.4601	0.0646616	0.644227	0
0.454138	0.0621683	0.644552	0
0.448828	0.057652	0.644909	0
0.444328	0.0590666	0.645	0
0.437659	0.0572603	0.645421	0
0.430406	0.053867	0.646298	0
0.420684	0.0461078	0.647567	0
0.41212	0.0450474	0.647919	0
0.402809	0.0450301	0.647573	0
0.393101	0.0467162	0.647373	0
0.383775	0.042789	0.647509	0
0.375816	0.0434259	0.646995	0
0.367346	0.0468005	0.645893	0
0.357077	0.0456046	0.645563	0
0.347206	0.0440951	0.645635	0
0.336443	0.0437473	0.645199	0
0.325847	0.043007	0.644735	0
0.3157	0.0437672	0.644828	0
0.307248	0.0463942	0.644905	0
0.2999	0.0461467	0.644816	0
0.292476	0.0445697	0.644506	0
0.285323	0.0439474	0.644114	0
0.278907	0.0430994	0.644074	0
0.27226	0.0417713	0.644459	0
0.265592	0.0390282	0.644818	0
0.258611	0.0370405	0.645213	0
0.250571	0.0366774	0.645694	0
0.243705	0.0380875	0.646626	0
0.236042	0.0379906	0.648924	0
0.2288	0.0365607	0.651883	0
0.221611	0.0362939	0.654655	0
0.21509	0.0395096	0.656625	0
0.208719	0.0435955	0.658134	0
0.20317	0.0479457	0.659571	0
0.193524	0.0515959	0.664003	0
0.190165	0.054328	0.665937	0
0.188665	0.0594238	0.666576	0
0.188534	0.0661753	0.666179	0
0.187809	0.0703453	0.665522	0
0.1874	0.0722127	0.665116	0
0.189557	0.0764942	0.665006	0
0.192138	0.0803463	0.664638	0
0.194658	0.0817733	0.66449	0
0.197311	0.0800415	0.664783	0
0.201266	0.0794365	0.664699	0
0.20429	0.0788643	0.664135	0
0.209479	0.0776841	0.663223	0
0.216287	0.080591	0.66244	0
0.226354	0.0853722	0.661777	0
0.23306	0.0803782	0.661148	0
0.240173	0.0762289	0.659963	0
0.246661	0.0733442	0.658325	0
0.253498	0.072352	0.657196	0
0.26112	0.0721302	0.656594	0
0.268573	0.0713969	0.656414	0
0.27602	0.0687205	0.656038	0
0.284101	0.066371	0.655235	0
0.292016	0.0648617	0.654441	0
0.301371	0.0661114	0.653904	0
0.310194	0.0633807	0.653752	0
0.318953	0.0596682	0.65397	0
0.328307	0.0576421	0.654292	0
0.336985	0.0543307	0.654634	0
0.345459	0.0507756	0.65503	0
0.354004	0.0458499	0.655597	0
0.362678	0.043373	0.656229	0
0.370225	0.0433524	0.656386	0
0.384852	0.0454704	0.656757	0
0.393569	0.0439661	0.65739	0
0.402011	0.0456363	0.65768	0
0.409502	0.0442906	0.657751	0
0.417727	0.0438104	0.658395	0
0.425804	0.039595	0.659163	0
0.43392	0.0370025	0.659511	0
0.442389	0.0368635	0.659472	0
0.449492	0.0338781	0.659698	0
0.455997	0.0313669	0.66049	0
0.462111	0.0297524	0.661463	0
0.468711	0.0289856	0.661977	0
0.47569	0.026738	0.661747	0
0.483294	0.0234231	0.661274	0
0.487225	0.0226105	0.661145	0
0.495343	0.022172	0.66113	0
0.502583	0.0204606	0.661298	0
0.509327	0.0215517	0.661178	0
0.516369	0.0222313	0.660939	0
0.532397	0.021503	0.661442	0
0.534167	0.0222154	0.661539	0
0.549052	0.0196531	0.66106	0
0.556819	0.0176811	0.660304	0
0.564946	0.0156436	0.659923	0
0.574682	0.0141553	0.659797	0
0.582641	0.0126503	0.659199	0
0.590544	0.0113036	0.657617	0
0.599254	0.010397	0.655626	0
0.608214	0.0107791	0.654255	0
0.617598	0.0103115	0.653713	0
0.627773	0.00928414	0.65381	0
0.639373	0.00995505	0.653928	0
0.650052	0.00901318	0.653256	0
0.660394	0.010458	0.652013	0
0.675665	0.0119393	0.651322	0
0.687824	0.0112132	0.65182	0
0.699374	0.0121822	0.652288	0
0.709932	0.0211333	0.651965	0
0.718632	0.027133	0.651134	0
0.726386	0.0330159	0.65035	0
0.732404	0.0395061	0.650179	0
0.738353	0.0421457	0.650552	0
0.744184	0.0424782	0.651032	0
0.747866	0.0462638	0.650974	0
0.750746	0.0512502	0.650023	0
0.752518	0.0567746	0.648568	0
0.752339	0.0631595	0.647281	0
0.750227	0.0699185	0.646632	0
0.74767	0.0737007	0.646537	0
0.745213	0.0743245	0.646712	0
0.741999	0.0750821	0.646862	0
0.738136	0.0771785	0.646824	0
0.733472	0.080108	0.646526	0
0.727558	0.0837912	0.646163	0
0.720898	0.0851508	0.646101	0
0.714455	0.0806353	0.64657	0
0.708071	0.0758775	0.647272	0
0.702511	0.0740123	0.647937	0
0.695974	0.079069	0.647717	0
0.687777	0.0852993	0.646279	0
0.679743	0.0842179	0.645349	0
0.671374	0.0810892	0.645694	0
0.663955	0.0738989	0.646552	0
0.657147	0.0777979	0.6465	0
0.647822	0.0842477	0.644224	0
0.639133	0.0851927	0.64216	0
0.629284	0.0779243	0.641573	0
0.619163	0.0714558	0.642419	0
0.609546	0.0711369	0.643118	0
0.598535	0.0695298	0.642687	0
0.577981	0.068747	0.640122	0
0.569417	0.0660599	0.638954	0
0.561387	0.0723555	0.638339	0
0.553487	0.074923	0.638359	0
0.541134	0.0715642	0.639151	0
0.530678	0.0665716	0.640485	0
0.521847	0.0603325	0.641173	0
0.514764	0.0617783	0.640359	0
0.506422	0.0607434	0.638865	0
0.498183	0.0568836	0.638624	0
0.491251	0.0507028	0.639329	0
0.484243	0.0520833	0.639181	0
0.477235	0.0563937	0.637859	0
0.468928	0.0563301	0.636213	0
0.459624	0.0528508	0.636071	0
0.450001	0.0490678	0.637572	0
0.44071	0.0476873	0.638452	0
0.43042	0.0505188	0.638043	0
0.421628	0.0494446	0.637498	0
0.413355	0.0515488	0.63718	0
0.403617	0.052112	0.637192	0
0.390987	0.0498866	0.638201	0
0.378986	0.0488547	0.639561	0
0.368495	0.0534618	0.640543	0
0.357985	0.0577988	0.641312	0
0.347776	0.0595438	0.642524	0
0.338792	0.0588458	0.643993	0
0.329152	0.0561162	0.646174	0
0.321352	0.0546705	0.648085	0
0.313189	0.0554746	0.650459	0
0.305247	0.0580188	0.653496	0
0.291479	0.0595564	0.659021	0
0.290004	0.0595615	0.659743	0
0.278942	0.0644174	0.663704	0
0.279294	0.0675601	0.664	0
0.27264	0.0736804	0.667064	0
0.270578	0.0758781	0.668015	0
0.270973	0.0812791	0.667872	0
0.274777	0.0904863	0.667038	0
0.275345	0.0921362	0.666315	0
0.279019	0.0957194	0.665206	0
0.285496	0.100932	0.66423	0
0.292971	0.106184	0.663173	0
0.299657	0.107442	0.66197	0
0.306384	0.106107	0.660925	0
0.313943	0.104719	0.659723	0
0.321288	0.102472	0.658157	0
0.329643	0.10087	0.656257	0
0.338434	0.100205	0.654809	0
0.347052	0.0960642	0.654158	0
0.356359	0.0893607	0.654081	0
0.364822	0.0832492	0.654209	0
0.37366	0.0802373	0.65451	0
0.383432	0.0803833	0.654931	0
0.392188	0.0756257	0.655575	0
0.401813	0.069622	0.656234	0
0.411806	0.0663033	0.655937	0
0.421262	0.0670291	0.655277	0
0.431083	0.0684714	0.654652	0
0.442394	0.0644025	0.654053	0
0.453534	0.0655415	0.653258	0
0.463682	0.064838	0.651927	0
0.472327	0.0618571	0.650927	0
0.481683	0.05687	0.650487	0
0.4915	0.0538912	0.649325	0
0.499463	0.051217	0.647729	0
0.507256	0.0465404	0.646477	0
0.515787	0.0480567	0.645394	0
0.522728	0.0482923	0.643978	0
0.52785	0.0437787	0.642481	0
0.532826	0.0408444	0.641297	0
0.537578	0.0384939	0.640534	0
0.548264	0.0328184	0.639301	0
0.549758	0.0318813	0.63912	0
0.561898	0.0309156	0.637194	0
0.569951	0.0300543	0.636636	0
0.683647	0.990344	0.543725	1
0.684177	0.990634	0.543832	1
0.684812	0.99151	0.543703	1
0.684987	0.991959	0.54368	1
0.686352	0.992792	0.543434	1
0.686518	0.992889	0.543404	1
0.688912	0.992999	0.543222	1
0.690859	0.992976	0.543273	1
0.693116	0.992833	0.543413	1
0.696013	0.992366	0.543504	1
0.698954	0.993019	0.543633	1
0.702699	0.99477	0.54405	1
0.706582	0.995561	0.544831	1
0.710496	0.995694	0.545732	1
0.71447	0.996355	0.546467	1
0.718555	0.997238	0.547192	1
0.722673	0.998212	0.547901	1
0.726874	0.997565	0.548498	1
0.731289	0.995742	0.549078	1
0.736116	0.996121	0.549751	1
0.740539	0.995894	0.550268	1
0.744976	0.994002	0.550696	1
0.749608	0.993813	0.551152	1
0.753891	0.994402	0.551673	1
0.758553	0.994971	0.552331	1
0.764274	0.995441	0.553203	1
0.770043	0.993644	0.554312	1
0.775914	0.989796	0.555611	1
0.782135	0.987518	0.556857	1
0.787754	0.987631	0.557597	1
0.794062	0.989096	0.557843	1
0.800837	0.989764	0.557957	1
0.808158	0.986956	0.558365	1
0.816269	0.982422	0.559601	1
0.823642	0.978247	0.560974	1
0.830662	0.976632	0.561928	1
0.837749	0.976728	0.56247	1
0.844487	0.976822	0.562559	1
0.850864	0.975885	0.562575	1
0.858265	0.976039	0.562999	1
0.86564	0.975996	0.563433	1
0.872229	0.976625	0.563541	1
0.880186	0.975638	0.563148	1
0.887466	0.974173	0.562465	1
0.895355	0.97466	0.562214	1
0.902708	0.975189	0.562419	1
0.910003	0.975721	0.562877	1
0.91753	0.973394	0.563901	1
0.922894	0.968214	0.565095	1
0.926501	0.96255	0.565767	1
0.93637	0.962677	0.566355	1
0.942478	0.965534	0.566448	1
0.947496	0.963736	0.566504	1
0.94707	0.9555	0.567061	1
0.948441	0.953741	0.567451	1
0.952226	0.9524	0.568239	1
0.956599	0.953687	0.568974	1
0.961386	0.952754	0.570002	1
0.960654	0.946367	0.570781	1
0.958925	0.940623	0.571158	1
0.955302	0.936483	0.571206	1
0.952689	0.933877	0.57171	1
0.950512	0.93302	0.572891	1
0.94394	0.928431	0.572679	1
0.934816	0.92375	0.571963	1
0.927076	0.922267	0.571646	1
0.921426	0.923858	0.571708	1
0.914762	0.924278	0.57176	1
0.905132	0.922373	0.571657	1
0.896541	0.921474	0.571432	1
0.88687	0.922042	0.571267	1
0.878809	0.928208	0.571525	1
0.87146	0.933648	0.571942	1
0.862234	0.931396	0.572132	1
0.852908	0.92758	0.572494	1
0.843952	0.925534	0.573169	1
0.833308	0.925222	0.573723	1
0.824822	0.927115	0.573887	1
0.815788	0.929819	0.573789	1
0.80649	0.931425	0.573313	1
0.798011	0.932823	0.572852	1
0.789586	0.935863	0.572502	1
0.780758	0.938447	0.572072	1
0.77253	0.937698	0.571607	1
0.76323	0.935134	0.571188	1
0.753527	0.933423	0.570481	1
0.743307	0.935738	0.56964	1
0.731792	0.941474	0.569336	1
0.721123	0.944376	0.569631	1
0.710166	0.942349	0.569798	1
0.697487	0.938884	0.569544	1
0.685073	0.940953	0.569123	1
0.671228	0.946246	0.568953	1
0.658408	0.948341	0.569567	1
0.646471	0.948333	0.570506	1
0.624283	0.950648	0.570219	1
0.612146	0.954152	0.569329	1
0.601218	0.954037	0.569097	1
0.590158	0.951539	0.568886	1
0.578055	0.951894	0.568164	1
0.56802	0.952005	0.567385	1
0.555	0.955224	0.566646	1
0.544699	0.955791	0.566396	1
0.534111	0.954745	0.566001	1
0.523492	0.954876	0.565442	1
0.512199	0.954564	0.565085	1
0.49931	0.95372	0.565216	1
0.486561	0.956083	0.565305	1
0.473421	0.959394	0.565016	1
0.459469	0.963228	0.564655	1
0.446915	0.966394	0.564589	1
0.433382	0.969326	0.564783	1
0.428768	0.970442	0.564837	1
0.416203	0.97087	0.565025	1
0.404738	0.971344	0.565344	1
0.392778	0.972406	0.56539	1
0.381619	0.974065	0.5651	1
0.369591	0.974108	0.565012	1
0.347937	0.974498	0.565782	1
0.336764	0.972691	0.565715	1
0.325145	0.970973	0.564728	1
0.313527	0.968441	0.563504	1
0.303961	0.968983	0.56266	1
0.291244	0.97114	0.561558	1
0.279664	0.972543	0.560292	1
0.266008	0.973409	0.557742	1
0.253257	0.97053	0.55428	1
0.241684	0.966151	0.550419	1
0.23049	0.960603	0.546123	1
0.220967	0.955596	0.542299	1
0.212771	0.951043	0.538742	1
0.204645	0.948222	0.535141	1
0.197674	0.947249	0.532226	1
0.191586	0.945295	0.530182	1
0.186029	0.943274	0.529077	1
0.182115	0.940257	0.528165	1
0.180612	0.935255	0.526747	1
0.180548	0.930325	0.524975	1
0.185404	0.92227	0.523802	1
0.195728	0.911906	0.523436	1
0.20728	0.902299	0.523995	1
0.214862	0.902414	0.525629	1
0.222707	0.907059	0.52776	1
0.231468	0.910331	0.529837	1
0.241688	0.909806	0.531473	1
0.2539	0.908238	0.53298	1
0.265577	0.910711	0.534076	1
0.277724	0.920128	0.534569	1
0.291152	0.927143	0.534877	1
0.302926	0.934984	0.535705	1
0.314455	0.938642	0.537262	1
0.32683	0.940863	0.539442	1
0.338852	0.945866	0.541174	1
0.351277	0.951048	0.542167	1
0.363831	0.956137	0.542656	1
0.385318	0.959512	0.543658	1
0.39593	0.960475	0.544322	1
0.406212	0.963417	0.545074	1
0.416612	0.964694	0.545899	1
0.425095	0.9647	0.546394	1
0.436898	0.967922	0.546413	1
0.447423	0.969676	0.546027	1
0.45756	0.971138	0.545636	1
0.467119	0.973152	0.545509	1
0.476824	0.971971	0.545338	1
0.4865	0.972412	0.544808	1
0.495059	0.974496	0.544428	1
0.503197	0.976991	0.544513	1
0.511448	0.979822	0.545074	1
0.520816	0.982168	0.54592	1
0.529788	0.983877	0.546518	1
0.539269	0.984967	0.547103	1
0.549607	0.984374	0.548154	1
0.560318	0.983831	0.549299	1
0.571125	0.981584	0.549801	1
0.582067	0.981835	0.549971	1
0.592539	0.982441	0.550664	1
0.6035	0.982737	0.552012	1
0.616353	0.984243	0.553994	1
0.628693	0.984715	0.555346	1
0.641217	0.985253	0.555576	1
0.654784	0.987979	0.555426	1
0.667786	0.990714	0.555681	1
0.680737	0.988467	0.55613	1
0.701925	0.984328	0.556986	1
0.716356	0.985357	0.557006	1
0.731639	0.985266	0.556867	1
0.746228	0.980659	0.556942	1
0.758384	0.97156	0.556906	1
0.772457	0.965664	0.556212	1
0.783757	0.958717	0.555101	1
0.792751	0.951194	0.554872	1
0.801527	0.946299	0.555647	1
0.81027	0.943483	0.556249	1
0.81838	0.942303	0.556137	1
0.823557	0.938924	0.555684	1
0.832015	0.943488	0.555672	1
0.839923	0.947758	0.555721	1
0.848825	0.943644	0.555847	1
0.852767	0.936989	0.557091	1
0.859973	0.938403	0.558626	1
0.866668	0.940461	0.559396	1
0.870323	0.938078	0.559881	1
0.87085	0.932138	0.561043	1
0.872334	0.928971	0.562599	1
0.87293	0.928738	0.56372	1
0.871828	0.927647	0.564351	1
0.866156	0.921847	0.565178	1
0.862301	0.919464	0.566373	1
0.85893	0.92254	0.567034	1
0.852926	0.923785	0.566824	1
0.844298	0.921211	0.56713	1
0.833816	0.916367	0.56887	1
0.818293	0.912415	0.571272	1
0.807346	0.912698	0.571766	1
0.797267	0.916709	0.571912	1
0.788303	0.922896	0.572205	1
0.78014	0.927091	0.572778	1
0.771392	0.932336	0.573639	1
0.763153	0.93756	0.57437	1
0.756132	0.938759	0.575135	1
0.748941	0.935834	0.576069	1
0.739467	0.928855	0.576923	1
0.730144	0.927122	0.576993	1
0.719984	0.929862	0.576382	1
0.706376	0.930041	0.576255	1
0.691683	0.926026	0.577387	1
0.674433	0.922836	0.579275	1
0.658449	0.925574	0.580371	1
0.642058	0.9322	0.580061	1
0.626387	0.93761	0.578987	1
0.612811	0.938803	0.578351	1
0.59993	0.938397	0.578165	1
0.580381	0.942484	0.578228	1
0.566215	0.94828	0.578519	1
0.554176	0.94985	0.579226	1
0.543604	0.948524	0.579987	1
0.53253	0.945844	0.580375	1
0.521579	0.944272	0.580584	1
0.509485	0.943903	0.580893	1
0.49611	0.946173	0.581294	1
0.483723	0.948466	0.581722	1
0.470913	0.949152	0.582356	1
0.458685	0.95222	0.582983	1
0.447243	0.954982	0.583535	1
0.434121	0.95553	0.584744	1
0.420503	0.954902	0.586173	1
0.409694	0.955953	0.586923	1
0.39788	0.958365	0.587359	1
0.387809	0.958332	0.587847	1
0.377301	0.96027	0.588344	1
0.365351	0.962028	0.588049	1
0.353729	0.962614	0.587235	1
0.34159	0.961686	0.587079	1
0.330528	0.962344	0.5871	1
0.319789	0.964699	0.586228	1
0.311209	0.963694	0.584756	1
0.303279	0.960729	0.582936	1
0.294529	0.962452	0.581325	1
0.286176	0.964545	0.580063	1
0.277051	0.966356	0.57868	1
0.26618	0.968316	0.576558	1
0.25639	0.966859	0.574152	1
0.246642	0.967188	0.571717	1
0.242137	0.967255	0.570529	1
0.221511	0.970086	0.565458	1
0.213008	0.970114	0.562804	1
0.203458	0.96688	0.559133	1
0.196341	0.964835	0.556698	1
0.192961	0.954353	0.554322	1
0.18934	0.950785	0.553115	1
0.197813	0.936005	0.552057	1
0.212628	0.921873	0.551714	1
0.226611	0.909146	0.552077	1
0.234036	0.907309	0.553094	1
0.242074	0.910957	0.555009	1
0.251978	0.912986	0.557644	1
0.257679	0.912326	0.558806	1
0.274261	0.905152	0.560654	1
0.291841	0.897017	0.561445	1
0.306081	0.899234	0.561616	1
0.322239	0.906882	0.562499	1
0.336917	0.915033	0.564009	1
0.352792	0.915187	0.566114	1
0.367962	0.913895	0.568191	1
0.38396	0.919517	0.569665	1
0.412679	0.922759	0.570977	1
0.415349	0.925463	0.571141	1
0.437293	0.933625	0.574239	1
0.439593	0.935452	0.574581	1
0.461622	0.942971	0.575909	1
0.470773	0.945066	0.575294	1
0.483934	0.950387	0.574787	1
0.494833	0.952526	0.574899	1
0.506596	0.95575	0.575171	1
0.519318	0.958938	0.574712	1
0.531913	0.962379	0.573259	1
0.545868	0.964658	0.571466	1
0.559418	0.967291	0.570101	1
0.574343	0.967785	0.568674	1
0.5886	0.967903	0.566869	1
0.602018	0.969266	0.564721	1
0.615891	0.970851	0.562574	1
0.628969	0.968817	0.560852	1
0.641891	0.965737	0.559239	1
0.654826	0.963296	0.557316	1
0.668436	0.962534	0.554785	1
0.681806	0.962089	0.551981	1
0.692143	0.956521	0.549917	1
0.701036	0.952153	0.548438	1
0.709016	0.949227	0.546737	1
0.717575	0.948406	0.544924	1
0.726984	0.950011	0.542376	1
0.73421	0.943937	0.538859	1
0.739695	0.935998	0.535422	1
0.742899	0.935407	0.534208	1
0.749717	0.940374	0.532254	1
0.756504	0.944343	0.530765	1
0.762534	0.94355	0.530216	1
0.768823	0.942824	0.529699	1
0.774646	0.946398	0.52867	1
0.780155	0.950951	0.527825	1
0.787016	0.9547	0.527969	1
0.793687	0.953485	0.529038	1
0.799453	0.949333	0.530365	1
0.810308	0.950599	0.531318	1
0.810899	0.951508	0.531299	1
0.818047	0.953847	0.53135	1
0.820104	0.949294	0.53214	1
0.818731	0.942073	0.53346	1
0.812058	0.932891	0.534644	1
0.80386	0.926475	0.535411	1
0.797239	0.924578	0.535172	1
0.790348	0.924973	0.533829	1
0.781459	0.92437	0.531926	1
0.771717	0.923782	0.530287	1
0.763682	0.929226	0.528835	1
0.756524	0.936011	0.527564	1
0.749875	0.940158	0.526433	1
0.743343	0.939781	0.525802	1
0.73626	0.938181	0.525371	1
0.727776	0.936042	0.524843	1
0.720411	0.939811	0.524311	1
0.705843	0.947378	0.523109	1
0.699023	0.94689	0.523179	1
0.689924	0.940249	0.523561	1
0.678763	0.934283	0.523576	1
0.665757	0.938966	0.523091	1
0.655201	0.9449	0.522917	1
0.646828	0.946233	0.523563	1
0.63382	0.941395	0.524969	1
0.621671	0.936691	0.525949	1
0.609251	0.936552	0.526553	1
0.596523	0.939088	0.527532	1
0.584278	0.94133	0.529252	1
0.571518	0.941698	0.530904	1
0.560062	0.941723	0.531202	1
0.549059	0.944046	0.530522	1
0.537763	0.946904	0.530262	1
0.528339	0.948441	0.531155	1
0.519752	0.948504	0.532479	1
0.510868	0.947801	0.533478	1
0.502291	0.946707	0.534144	1
0.493395	0.944483	0.535058	1
0.483692	0.943806	0.536552	1
0.473972	0.945904	0.537989	1
0.464032	0.948188	0.539063	1
0.453229	0.949636	0.540552	1
0.443594	0.950334	0.542181	1
0.435624	0.948972	0.543328	1
0.426519	0.948355	0.544951	1
0.416201	0.948819	0.546954	1
0.405696	0.951229	0.548443	1
0.402239	0.952498	0.548793	1
0.392797	0.953494	0.549713	1
0.384059	0.953727	0.550656	1
0.376313	0.955722	0.551419	1
0.368035	0.957594	0.551992	1
0.359916	0.957723	0.552424	1
0.350825	0.958051	0.55279	1
0.341503	0.959002	0.55303	1
0.321689	0.95993	0.552689	1
0.320004	0.959711	0.552586	1
0.300129	0.955268	0.551301	1
0.289585	0.953562	0.550466	1
0.279419	0.950977	0.550003	1
0.271129	0.949229	0.549928	1
0.260481	0.948996	0.549594	1
0.251717	0.949325	0.548782	1
0.239678	0.952631	0.547155	1
0.228531	0.954871	0.54566	1
0.216664	0.955215	0.544348	1
0.204082	0.952552	0.542938	1
0.193691	0.945153	0.54166	1
0.18482	0.934551	0.540267	1
0.178255	0.925367	0.538625	1
0.173024	0.917114	0.536434	1
0.170407	0.910467	0.534387	1
0.167418	0.907094	0.532661	1
0.16587	0.904524	0.531148	1
0.168198	0.899492	0.529851	1
0.171639	0.894796	0.529053	1
0.179283	0.886638	0.529187	1
0.187927	0.879783	0.529729	1
0.199662	0.873415	0.529992	1
0.211654	0.868683	0.529908	1
0.220626	0.871502	0.529975	1
0.229916	0.875032	0.530442	1
0.240172	0.879396	0.531063	1
0.251349	0.880696	0.531514	1
0.263713	0.884528	0.531414	1
0.274324	0.890583	0.530747	1
0.285412	0.898962	0.52976	1
0.296258	0.908133	0.529056	1
0.307182	0.915927	0.528874	1
0.318034	0.917899	0.528996	1
0.330992	0.915191	0.529339	1
0.342879	0.91379	0.529712	1
0.355295	0.919208	0.529956	1
0.36823	0.92816	0.529948	1
0.380278	0.934576	0.529802	1
0.401869	0.93087	0.529696	1
0.414247	0.935492	0.529533	1
0.425307	0.939781	0.528987	1
0.435409	0.942861	0.52893	1
0.445026	0.937826	0.529196	1
0.455522	0.93631	0.528932	1
0.467823	0.937878	0.52798	1
0.47933	0.940338	0.527003	1
0.49509	0.945014	0.526202	1
0.50789	0.948682	0.525915	1
0.521945	0.95493	0.524779	1
0.535729	0.96015	0.522701	1
0.54908	0.963822	0.520613	1
0.56295	0.967021	0.51888	1
0.576786	0.970469	0.517705	1
0.591131	0.975178	0.516451	1
0.603913	0.978382	0.514845	1
0.61683	0.978628	0.513012	1
0.631852	0.98183	0.511497	1
0.646335	0.982192	0.510736	1
0.660903	0.980578	0.510222	1
0.674534	0.981139	0.509582	1
0.687022	0.981225	0.508779	1
0.699453	0.979338	0.508126	1
0.711711	0.979813	0.507871	1
0.724358	0.981677	0.507226	1
0.736638	0.983665	0.506046	1
0.748523	0.981825	0.504799	1
0.759468	0.974614	0.503534	1
0.769955	0.96924	0.502202	1
0.785099	0.966461	0.499497	1
0.793905	0.964466	0.497599	1
0.803869	0.9631	0.496262	1
0.811479	0.959142	0.495267	1
0.82002	0.959599	0.494337	1
0.827678	0.961581	0.493873	1
0.835642	0.962758	0.493794	1
0.842561	0.95971	0.494312	1
0.849451	0.960637	0.495256	1
0.857145	0.962275	0.496267	1
0.863912	0.965694	0.496843	1
0.869577	0.964502	0.497389	1
0.874047	0.96014	0.498887	1
0.878068	0.956795	0.501395	1
0.880653	0.95274	0.504283	1
0.882643	0.949611	0.506143	1
0.88033	0.943356	0.506757	1
0.875744	0.937567	0.506955	1
0.870355	0.934486	0.50757	1
0.862223	0.930994	0.508198	1
0.847904	0.924354	0.508301	1
0.821279	0.916191	0.507346	1
0.799917	0.914044	0.505964	1
0.779984	0.917892	0.504561	1
0.758934	0.923544	0.504658	1
0.735226	0.924468	0.505583	1
0.713668	0.925267	0.506362	1
0.69136	0.924335	0.506649	1
0.672598	0.92336	0.506633	1
0.655355	0.923648	0.506596	1
0.637472	0.917663	0.506902	1
0.615507	0.911383	0.507743	1
0.593984	0.912287	0.50837	1
0.583008	0.914346	0.50832	1
0.543475	0.915218	0.508291	1
0.525996	0.915025	0.508766	1
0.505752	0.911912	0.507707	1
0.486945	0.914615	0.505677	1
0.467756	0.914134	0.504408	1
0.448663	0.911888	0.50502	1
0.431639	0.912456	0.505821	1
0.414486	0.917788	0.505594	1
0.397241	0.918571	0.504948	1
0.383122	0.915562	0.505266	1
0.367763	0.91379	0.507148	1
0.353615	0.913018	0.509833	1
0.339017	0.914419	0.512838	1
0.32452	0.919138	0.51599	1
0.309336	0.91983	0.519665	1
0.294731	0.915372	0.523464	1
0.280733	0.91086	0.527095	1
0.26946	0.904277	0.530431	1
0.259514	0.898802	0.533078	1
0.249358	0.896983	0.534783	1
0.24052	0.893863	0.53586	1
0.232365	0.893035	0.536268	1
0.222698	0.896459	0.536838	1
0.213642	0.90043	0.537942	1
0.203444	0.905667	0.539297	1
0.193599	0.91029	0.540441	1
0.182695	0.914184	0.54132	1
0.173935	0.914492	0.541918	1
0.167795	0.909715	0.542474	1
0.165264	0.903876	0.542922	1
0.164102	0.898302	0.543334	1
0.165932	0.892959	0.543903	1
0.16921	0.887509	0.545052	1
0.180963	0.878173	0.546626	1
0.201611	0.864691	0.548322	1
0.218076	0.85411	0.549931	1
0.22746	0.854009	0.551527	1
0.235136	0.86236	0.552639	1
0.249417	0.872943	0.552744	1
0.260598	0.871782	0.552272	1
0.272074	0.870641	0.551871	1
0.283609	0.876875	0.55121	1
0.295156	0.880718	0.54996	1
0.308818	0.879929	0.54841	1
0.320321	0.881419	0.546987	1
0.331041	0.889895	0.546525	1
0.341906	0.900098	0.54657	1
0.352396	0.903481	0.546699	1
0.362313	0.903125	0.546505	1
0.37211	0.903347	0.545697	1
0.380911	0.908483	0.54464	1
0.390026	0.914131	0.543311	1
0.399743	0.91411	0.54232	1
0.411252	0.908635	0.54146	1
0.422715	0.901663	0.540236	1
0.435075	0.899563	0.538072	1
0.448346	0.90555	0.534804	1
0.460112	0.911994	0.531833	1
0.472887	0.915957	0.529182	1
0.486371	0.923157	0.526957	1
0.49922	0.933093	0.524612	1
0.51206	0.940104	0.522039	1
0.523263	0.943948	0.519926	1
0.534266	0.948647	0.518179	1
0.545992	0.953209	0.516751	1
0.564012	0.956919	0.514784	1
0.57486	0.96216	0.513608	1
0.586385	0.966202	0.512298	1
0.597612	0.970205	0.511	1
0.608352	0.974215	0.509869	1
0.618345	0.977326	0.509002	1
0.628109	0.977458	0.508284	1
0.638183	0.978022	0.507518	1
0.649937	0.980449	0.50658	1
0.66143	0.982258	0.505801	1
0.673995	0.984526	0.504884	1
0.685433	0.986807	0.503718	1
0.697801	0.986748	0.502348	1
0.71023	0.988007	0.501181	1
0.723231	0.986095	0.49999	1
0.735351	0.982822	0.4982	1
0.745863	0.983257	0.496153	1
0.756025	0.985638	0.49436	1
0.766428	0.984731	0.492881	1
0.775678	0.981436	0.491448	1
0.785076	0.979001	0.489512	1
0.793788	0.978856	0.4877	1
0.802949	0.981948	0.486638	1
0.81957	0.976714	0.485122	1
0.825117	0.966546	0.48391	1
0.832563	0.9671	0.48307	1
0.839725	0.969293	0.482592	1
0.847736	0.969928	0.482279	1
0.856188	0.96754	0.481656	1
0.863046	0.96263	0.480473	1
0.870155	0.960916	0.479181	1
0.877551	0.961225	0.478378	1
0.884451	0.95977	0.477892	1
0.8882	0.95283	0.477306	1
0.890891	0.947482	0.476607	1
0.893878	0.947208	0.475964	1
0.895196	0.945991	0.475396	1
0.894927	0.943221	0.475248	1
0.891582	0.936888	0.475592	1
0.886751	0.931267	0.475729	1
0.884545	0.933931	0.47496	1
0.881878	0.938657	0.473659	1
0.878492	0.938729	0.473255	1
0.873312	0.934434	0.473889	1
0.865828	0.929579	0.474513	1
0.858357	0.928782	0.474435	1
0.851372	0.933475	0.473826	1
0.843664	0.935483	0.473345	1
0.834777	0.933313	0.473652	1
0.827078	0.933112	0.474637	1
0.818977	0.936962	0.475772	1
0.811535	0.941989	0.476552	1
0.802804	0.942803	0.477723	1
0.793448	0.940449	0.479262	1
0.782176	0.935631	0.481056	1
0.77078	0.934458	0.483247	1
0.75824	0.93755	0.485681	1
0.7467	0.940225	0.487881	1
0.735789	0.943011	0.490194	1
0.725006	0.945119	0.491984	1
0.706377	0.948966	0.4931	1
0.6969	0.952037	0.493174	1
0.686705	0.951864	0.493509	1
0.678662	0.953425	0.493907	1
0.672455	0.954974	0.494146	1
0.665731	0.95348	0.494448	1
0.656368	0.951124	0.495264	1
0.646193	0.951367	0.496863	1
0.635039	0.952841	0.498926	1
0.623887	0.955485	0.500826	1
0.61283	0.956866	0.502423	1
0.602231	0.958443	0.503523	1
0.592672	0.960662	0.504592	1
0.583482	0.962052	0.506236	1
0.574136	0.962919	0.508211	1
0.564609	0.963532	0.509791	1
0.554884	0.962674	0.510885	1
0.545501	0.959341	0.511879	1
0.536736	0.957105	0.513058	1
0.528643	0.956669	0.514349	1
0.520575	0.957568	0.515409	1
0.513181	0.958058	0.516194	1
0.504882	0.958528	0.517117	1
0.497102	0.959017	0.518115	1
0.488917	0.958304	0.519067	1
0.480041	0.958108	0.519776	1
0.471356	0.955523	0.52053	1
0.46382	0.95261	0.521661	1
0.456538	0.953158	0.523198	1
0.448739	0.957358	0.524821	1
0.440705	0.960112	0.526386	1
0.431396	0.959931	0.528005	1
0.422612	0.958147	0.529349	1
0.412865	0.956717	0.530468	1
0.395026	0.95747	0.531572	1
0.38415	0.959855	0.53204	1
0.37312	0.961093	0.532763	1
0.360797	0.960627	0.533414	1
0.349797	0.957668	0.533539	1
0.341865	0.942864	0.532973	1
0.335542	0.935526	0.532095	1
0.332261	0.921442	0.531242	1
0.328475	0.916275	0.531452	1
0.326118	0.912902	0.532077	1
0.324507	0.909001	0.532459	1
0.326018	0.90254	0.53198	1
0.330314	0.893318	0.530994	1
0.336469	0.884891	0.530316	1
0.345064	0.877144	0.530069	1
0.35362	0.872348	0.53	1
0.363296	0.871319	0.529647	1
0.372898	0.872486	0.528928	1
0.383495	0.879094	0.527773	1
0.393578	0.888359	0.526825	1
0.404315	0.89449	0.526058	1
0.414065	0.896479	0.525513	1
0.424265	0.900701	0.524932	1
0.434156	0.908117	0.524029	1
0.444514	0.916636	0.522776	1
0.453957	0.923498	0.521846	1
0.462895	0.928667	0.521227	1
0.471915	0.934747	0.520607	1
0.483433	0.940822	0.519546	1
0.49237	0.940053	0.518162	1
0.499529	0.939137	0.516599	1
0.509534	0.941351	0.514547	1
0.518868	0.944304	0.512992	1
0.529151	0.947206	0.511325	1
0.534231	0.948084	0.510455	1
0.544526	0.947801	0.508616	1
0.555129	0.948939	0.506678	1
0.566741	0.952615	0.504642	1
0.579419	0.956503	0.502313	1
0.591437	0.961512	0.500268	1
0.604335	0.965129	0.498492	1
0.616216	0.967226	0.496875	1
0.629295	0.969087	0.495115	1
0.653233	0.968767	0.492811	1
0.668142	0.970523	0.491906	1
0.683199	0.974701	0.491553	1
0.699438	0.97991	0.491477	1
0.71414	0.98337	0.491438	1
0.731083	0.985772	0.491221	1
0.744288	0.987308	0.490884	1
0.759716	0.987486	0.490411	1
0.773186	0.989413	0.490044	1
0.786766	0.989289	0.489389	1
0.800016	0.987592	0.488485	1
0.812059	0.982924	0.487521	1
0.822086	0.977377	0.486786	1
0.832478	0.975406	0.486291	1
0.842587	0.976464	0.485597	1
0.853072	0.976326	0.484812	1
0.862427	0.969913	0.484272	1
0.870488	0.964158	0.483911	1
0.876541	0.960232	0.483263	1
0.883982	0.960662	0.48253	1
0.890477	0.959626	0.482417	1
0.894391	0.95348	0.483152	1
0.899452	0.949382	0.484161	1
0.900074	0.94434	0.484719	1
0.896924	0.938632	0.485313	1
0.895461	0.936598	0.486186	1
0.891127	0.932395	0.487275	1
0.881848	0.925133	0.487954	1
0.868584	0.917893	0.48785	1
0.857285	0.915243	0.48704	1
0.847616	0.91827	0.485725	1
0.836317	0.920617	0.484409	1
0.823252	0.91909	0.483856	1
0.795945	0.91059	0.48469	1
0.781576	0.911678	0.485542	1
0.767369	0.920055	0.486441	1
0.751888	0.925217	0.488026	1
0.736912	0.920663	0.489501	1
0.722986	0.921161	0.490168	1
0.708655	0.926235	0.490099	1
0.694184	0.928909	0.490641	1
0.680957	0.926105	0.491997	1
0.666987	0.922523	0.492879	1
0.652969	0.92635	0.492785	1
0.637942	0.928095	0.492579	1
0.625161	0.930944	0.493282	1
0.608453	0.930408	0.495126	1
0.597178	0.931903	0.495778	1
0.57472	0.933079	0.496511	1
0.564183	0.934964	0.497361	1
0.553459	0.936108	0.498255	1
0.542513	0.937875	0.498802	1
0.529471	0.941335	0.499533	1
0.529023	0.942566	0.499584	1
0.507007	0.942227	0.502229	1
0.493762	0.946388	0.503529	1
0.482038	0.947114	0.504386	1
0.470193	0.945068	0.505502	1
0.459038	0.944623	0.507144	1
0.447859	0.944855	0.508805	1
0.437465	0.943352	0.510225	1
0.427691	0.939594	0.511865	1
0.418813	0.93839	0.51353	1
0.410143	0.938579	0.515231	1
0.401407	0.939262	0.516729	1
0.392047	0.940056	0.518186	1
0.383625	0.938712	0.519828	1
0.374762	0.936916	0.521836	1
0.366289	0.937455	0.523438	1
0.356838	0.939725	0.52454	1
0.347892	0.94162	0.524919	1
0.337981	0.94128	0.524793	1
0.328751	0.941359	0.524295	1
0.31859	0.942949	0.523255	1
0.309004	0.942472	0.521988	1
0.300597	0.94083	0.520533	1
0.29254	0.938901	0.518699	1
0.284883	0.936285	0.516362	1
0.277575	0.934917	0.513853	1
0.270778	0.933719	0.51158	1
0.264087	0.933226	0.509686	1
0.259276	0.928775	0.508188	1
0.25203	0.92148	0.505949	1
0.251305	0.916791	0.505065	1
0.251803	0.912961	0.504406	1
0.25848	0.903784	0.50387	1
0.262295	0.899512	0.503584	1
0.27426	0.890212	0.503448	1
0.279442	0.889877	0.503804	1
0.287734	0.896077	0.504779	1
0.295734	0.89904	0.505751	1
0.302016	0.899576	0.506406	1
0.311555	0.903706	0.50685	1
0.318952	0.91011	0.506859	1
0.327042	0.914664	0.506666	1
0.334975	0.916523	0.506674	1
0.344041	0.917482	0.507183	1
0.352754	0.918686	0.50784	1
0.362568	0.920512	0.508384	1
0.372025	0.922547	0.508689	1
0.38272	0.92315	0.508722	1
0.39292	0.922767	0.508456	1
0.404265	0.924758	0.508233	1
0.415088	0.931099	0.50845	1
0.426325	0.93901	0.508917	1
0.43633	0.942911	0.509413	1
0.45188	0.944607	0.509925	1
0.46216	0.947643	0.50972	1
0.473095	0.951525	0.509258	1
0.483585	0.95208	0.508831	1
0.494783	0.951273	0.508414	1
0.516546	0.951163	0.507125	1
0.518804	0.950872	0.506947	1
0.544344	0.953271	0.504521	1
0.559166	0.950871	0.50311	1
0.573604	0.950185	0.502017	1
0.590355	0.955368	0.500745	1
0.606385	0.95945	0.499175	1
0.624367	0.965759	0.497681	1
0.637672	0.967306	0.497202	1
0.655465	0.970398	0.496534	1
0.672105	0.970401	0.49512	1
0.687171	0.972526	0.493212	1
0.701939	0.976188	0.491635	1
0.716427	0.978751	0.490964	1
0.730087	0.976488	0.490619	1
0.744195	0.97234	0.489211	1
0.757322	0.973261	0.486898	1
0.771502	0.97776	0.484654	1
0.784317	0.977488	0.483609	1
0.794954	0.97169	0.483131	1
0.803468	0.962983	0.48205	1
0.812703	0.959586	0.480793	1
0.823487	0.960848	0.479752	1
0.830784	0.957955	0.4789	1
0.834971	0.948632	0.47829	1
0.838986	0.940037	0.478048	1
0.845547	0.937728	0.477802	1
0.851712	0.940313	0.477211	1
0.857808	0.941167	0.476658	1
0.860275	0.934694	0.477271	1
0.859189	0.92477	0.478653	1
0.854166	0.916581	0.479641	1
0.847111	0.911761	0.479867	1
0.841214	0.911061	0.479952	1
0.834774	0.910645	0.480422	1
0.827172	0.908366	0.480974	1
0.816243	0.904631	0.48117	1
0.801347	0.900168	0.480836	1
0.784813	0.896362	0.480431	1
0.767779	0.89533	0.480463	1
0.750652	0.897606	0.481004	1
0.735591	0.903773	0.48168	1
0.719732	0.90844	0.482401	1
0.706365	0.912909	0.483165	1
0.693792	0.916212	0.483811	1
0.682807	0.922028	0.48405	1
0.671601	0.926339	0.484127	1
0.660724	0.926768	0.484467	1
0.647704	0.923694	0.485323	1
0.625584	0.922481	0.486707	1
0.611708	0.927943	0.487392	1
0.595137	0.931402	0.488838	1
0.581462	0.936319	0.491616	1
0.568261	0.935846	0.495086	1
0.553728	0.934351	0.498233	1
0.523104	0.93628	0.503334	1
0.509889	0.939238	0.505115	1
0.496419	0.940731	0.507262	1
0.483406	0.942083	0.508965	1
0.469915	0.944281	0.509834	1
0.455521	0.943014	0.509853	1
0.441945	0.938962	0.509698	1
0.430295	0.938474	0.509946	1
0.419435	0.942429	0.510039	1
0.408298	0.946697	0.509696	1
0.397495	0.94664	0.509612	1
0.38596	0.94329	0.509983	1
0.375731	0.940643	0.5102	1
0.36523	0.941335	0.510102	1
0.356033	0.941781	0.509982	1
0.346187	0.941052	0.510198	1
0.33705	0.940539	0.510676	1
0.326912	0.941385	0.511382	1
0.316724	0.944788	0.512185	1
0.305715	0.946884	0.513289	1
0.294935	0.946341	0.51445	1
0.284131	0.943598	0.51543	1
0.266642	0.934605	0.516494	1
0.266168	0.932276	0.516551	1
0.250352	0.928628	0.516977	1
0.241681	0.929052	0.517217	1
0.234524	0.926231	0.517618	1
0.233788	0.925446	0.517699	1
0.221767	0.920483	0.518401	1
0.216892	0.916775	0.51822	1
0.214211	0.912123	0.517689	1
0.213784	0.906075	0.517146	1
0.215498	0.900556	0.516838	1
0.218124	0.896532	0.516548	1
0.224881	0.889277	0.515908	1
0.233045	0.883513	0.514959	1
0.242733	0.879194	0.514158	1
0.25944	0.871887	0.513647	1
0.272901	0.868946	0.513473	1
0.285058	0.869932	0.513473	1
0.297871	0.875181	0.513669	1
0.310575	0.88256	0.513946	1
0.324138	0.888783	0.514563	1
0.338265	0.889284	0.515469	1
0.354986	0.88511	0.516343	1
0.369929	0.883625	0.516681	1
0.386499	0.887801	0.51622	1
0.402197	0.896632	0.514883	1
0.419237	0.902684	0.512823	1
0.435573	0.902739	0.510795	1
0.452951	0.903873	0.50891	1
0.470638	0.909184	0.507093	1
0.490178	0.920411	0.504437	1
0.508057	0.930451	0.501337	1
0.524694	0.940326	0.49868	1
0.540729	0.949406	0.496974	1
0.557398	0.956202	0.496038	1
0.572681	0.960935	0.495291	1
0.587539	0.965204	0.49441	1
0.602333	0.970134	0.493311	1
0.616978	0.971006	0.491942	1
0.631221	0.96955	0.490548	1
0.64476	0.970625	0.489568	1
0.658322	0.972986	0.489395	1
0.670392	0.973672	0.489731	1
0.692383	0.974887	0.489514	1
0.699359	0.97437	0.489254	1
0.711333	0.975777	0.488866	1
0.722144	0.976296	0.4886	1
0.734587	0.974417	0.488227	1
0.748465	0.973926	0.487273	1
0.763415	0.97126	0.485499	1
0.777073	0.967415	0.483254	1
0.789442	0.963629	0.481163	1
0.80208	0.963896	0.479786	1
0.813629	0.962614	0.478587	1
0.823273	0.957029	0.477577	1
0.833343	0.953757	0.476764	1
0.842415	0.952527	0.476252	1
0.85465	0.94336	0.475328	1
0.856629	0.941107	0.475108	1
0.863349	0.942265	0.474742	1
0.869014	0.940357	0.474917	1
0.871437	0.933942	0.475936	1
0.871051	0.927338	0.477051	1
0.867227	0.922752	0.477472	1
0.863928	0.921957	0.477858	1
0.860873	0.92462	0.478562	1
0.856164	0.925733	0.479452	1
0.849465	0.923738	0.480093	1
0.841749	0.922866	0.480634	1
0.831509	0.920454	0.481092	1
0.821694	0.922167	0.48202	1
0.81264	0.927516	0.483788	1
0.802347	0.931854	0.486059	1
0.792892	0.935097	0.487903	1
0.783384	0.938384	0.488878	1
0.77434	0.940861	0.489397	1
0.764807	0.946041	0.490046	1
0.755553	0.950554	0.490962	1
0.746201	0.95395	0.492281	1
0.733028	0.954131	0.493459	1
0.722861	0.952214	0.493303	1
0.712691	0.955273	0.492998	1
0.701894	0.956363	0.493341	1
0.692298	0.956902	0.494585	1
0.682243	0.952615	0.496298	1
0.66803	0.944905	0.498346	1
0.653064	0.94099	0.500555	1
0.635978	0.945744	0.502644	1
0.617238	0.950755	0.504554	1
0.600658	0.954192	0.506691	1
0.583611	0.955039	0.509049	1
0.567826	0.957965	0.510859	1
0.551465	0.959322	0.512777	1
0.536594	0.959684	0.51545	1
0.520899	0.957408	0.519012	1
0.505771	0.955605	0.521842	1
0.488261	0.952855	0.52392	1
0.470107	0.953169	0.525589	1
0.44939	0.95169	0.526874	1
0.430227	0.94887	0.528143	1
0.401306	0.94419	0.530044	1
0.383279	0.94236	0.530554	1
0.366493	0.935353	0.53182	1
0.349337	0.930414	0.533801	1
0.333131	0.932546	0.535593	1
0.315818	0.938151	0.537756	1
0.298848	0.942209	0.539602	1
0.282595	0.936509	0.540867	1
0.271639	0.92486	0.54105	1
0.263981	0.912468	0.539926	1
0.258863	0.90237	0.53815	1
0.251721	0.898279	0.535983	1
0.246608	0.896756	0.534282	1
0.242486	0.893977	0.533071	1
0.23906	0.892545	0.532373	1
0.235014	0.893345	0.531786	1
0.232553	0.893491	0.531361	1
0.230325	0.894286	0.531005	1
0.229712	0.893997	0.530897	1
0.229075	0.894086	0.530849	1
0.230752	0.891324	0.53074	1
0.234982	0.886488	0.530407	1
0.239105	0.883349	0.529865	1
0.241346	0.886414	0.529454	1
0.24321	0.891872	0.529308	1
0.244582	0.897647	0.529066	1
0.245742	0.900667	0.528625	1
