GRT_LABELLED_CLASSIFICATION_DATA_FILE_V1.0
DatasetName: WiiAccelerometerData
InfoText: This dataset contains the 3 dimensional accelerometer data from a WiiMote.
NumDimensions: 3
TotalNumTrainingExamples: 1480
NumberOfClasses: 1
ClassIDsAndCounters: 
1	1480	NOT_SET
UseExternalRanges: 0
LabelledTrainingData:
1	0.510132	0.494279	0.598516
1	0.510566	0.492973	0.597258
1	0.508892	0.492514	0.598814
1	0.507223	0.496566	0.600204
1	0.507611	0.4962	0.601102
1	0.508201	0.495619	0.600138
1	0.508201	0.495619	0.600138
1	0.5083	0.493176	0.600534
1	0.508913	0.493678	0.600817
1	0.508456	0.495797	0.600408
1	0.508364	0.497387	0.601602
1	0.508341	0.497784	0.600901
1	0.509085	0.494759	0.600225
1	0.508521	0.494002	0.598056
1	0.509761	0.492834	0.597028
1	0.50888	0.495376	0.598514
1	0.50972	0.497281	0.601129
1	0.50943	0.496716	0.601282
1	0.508715	0.496275	0.601641
1	0.508358	0.496054	0.600821
1	0.507839	0.493284	0.600705
1	0.50771	0.492592	0.600676
1	0.508427	0.49346	0.601169
1	0.508357	0.495761	0.600292
1	0.509339	0.495815	0.599573
1	0.508835	0.497391	0.598893
1	0.508709	0.497265	0.599723
1	0.508354	0.497591	0.599862
1	0.508677	0.496712	0.600931
1	0.508669	0.497095	0.601733
1	0.509835	0.496464	0.601866
1	0.510209	0.496512	0.601967
1	0.510552	0.496003	0.600492
1	0.510638	0.493792	0.600123
1	0.509819	0.49273	0.600061
1	0.508705	0.492453	0.599515
1	0.509426	0.492905	0.598879
1	0.508713	0.494369	0.600439
1	0.510928	0.495467	0.60061
1	0.509232	0.495742	0.601652
1	0.508808	0.496852	0.600913
1	0.509952	0.495567	0.597228
1	0.509119	0.493196	0.599154
1	0.510059	0.493473	0.599577
1	0.508882	0.494757	0.599947
1	0.508441	0.496337	0.599974
1	0.50868	0.494073	0.599997
1	0.50868	0.494073	0.599997
1	0.50967	0.496435	0.597499
1	0.509418	0.497546	0.598875
1	0.509604	0.496262	0.599219
1	0.509401	0.497503	0.597805
1	0.5086	0.497813	0.599451
1	0.5086	0.497813	0.599451
1	0.5098	0.497865	0.599726
1	0.50995	0.496862	0.600931
1	0.510487	0.496091	0.601733
1	0.509122	0.495898	0.601933
1	0.50978	0.497412	0.600483
1	0.508945	0.49779	0.600121
1	0.508736	0.496843	0.60003
1	0.508184	0.497128	0.600008
1	0.508592	0.49648	0.601004
1	0.508648	0.496516	0.601251
1	0.509662	0.497046	0.600813
1	0.508915	0.496657	0.601203
1	0.508729	0.497602	0.600301
1	0.508682	0.497317	0.599075
1	0.509841	0.497617	0.599538
1	0.50846	0.497842	0.600884
1	0.50873	0.497879	0.601442
1	0.508365	0.496856	0.601721
1	0.508591	0.497131	0.59993
1	0.508398	0.495116	0.599983
1	0.508349	0.496175	0.599996
1	0.508294	0.496657	0.601749
1	0.508147	0.497287	0.600875
1	0.508287	0.497759	0.600219
1	0.508072	0.497356	0.600055
1	0.509536	0.496595	0.601027
1	0.509384	0.497065	0.601257
1	0.508596	0.496662	0.601814
1	0.508149	0.497603	0.600954
1	0.508075	0.496718	0.601477
1	0.508019	0.496575	0.601369
1	0.509009	0.496204	0.599685
1	0.508252	0.496968	0.601421
1	0.508252	0.496968	0.601421
1	0.508126	0.496401	0.601711
1	0.508063	0.497159	0.601855
1	0.508516	0.497206	0.600964
1	0.508629	0.497739	0.599241
1	0.508814	0.497828	0.60062
1	0.511704	0.496332	0.600155
1	0.511676	0.496479	0.600539
1	0.509838	0.497198	0.601269
1	0.509838	0.497198	0.601269
1	0.509838	0.497198	0.601269
1	0.508919	0.496516	0.601635
1	0.508919	0.496516	0.601635
1	0.50846	0.497216	0.601817
1	0.50923	0.497566	0.599909
1	0.509154	0.497352	0.601239
1	0.508288	0.497776	0.60131
1	0.508288	0.497776	0.60131
1	0.510644	0.496804	0.600655
1	0.509161	0.497639	0.601664
1	0.51179	0.497326	0.600416
1	0.509948	0.497248	0.601104
1	0.511487	0.496708	0.600776
1	0.511622	0.496573	0.600694
1	0.511655	0.497581	0.600673
1	0.511664	0.496791	0.600668
1	0.511664	0.496791	0.600668
1	0.509416	0.496594	0.601667
1	0.509104	0.497586	0.601417
1	0.511052	0.49671	0.600708
1	0.510013	0.497615	0.601677
1	0.510013	0.497615	0.601677
1	0.510013	0.497615	0.601677
1	0.508502	0.497879	0.60196
1	0.508751	0.497898	0.60198
1	0.509875	0.497907	0.60199
1	0.510219	0.497393	0.601497
1	0.513902	0.496028	0.600187
1	0.513451	0.496973	0.600094
1	0.512113	0.49716	0.601023
1	0.513278	0.496165	0.598256
1	0.51257	0.496437	0.598064
1	0.511285	0.497177	0.598032
1	0.512071	0.49669	0.599008
1	0.509518	0.49761	0.600252
1	0.510379	0.495757	0.598563
1	0.510345	0.496335	0.596641
1	0.510086	0.497	0.59766
1	0.513772	0.497167	0.598415
1	0.514193	0.496688	0.600604
1	0.514298	0.497609	0.600151
1	0.511649	0.497763	0.601075
1	0.512325	0.496798	0.600538
1	0.513662	0.496316	0.600269
1	0.513331	0.496075	0.600134
1	0.511166	0.496996	0.601067
1	0.510041	0.497166	0.598767
1	0.50926	0.496687	0.600692
1	0.512065	0.496568	0.600673
1	0.512766	0.496538	0.600168
1	0.512766	0.496538	0.600168
1	0.511192	0.497051	0.600042
1	0.512096	0.496442	0.600021
1	0.512274	0.496506	0.599505
1	0.512819	0.496522	0.600876
1	0.512909	0.49722	0.601438
1	0.512977	0.497222	0.60086
1	0.513989	0.497569	0.59843
1	0.513747	0.497309	0.598607
1	0.511187	0.497244	0.600652
1	0.511187	0.497244	0.600652
1	0.512093	0.496539	0.600326
1	0.513273	0.49653	0.599081
1	0.513137	0.497224	0.599541
1	0.509284	0.496181	0.600385
1	0.507321	0.496441	0.600596
1	0.508161	0.497179	0.600298
1	0.50858	0.497548	0.601149
1	0.50858	0.497548	0.601149
1	0.50979	0.497732	0.601575
1	0.50979	0.497732	0.601575
1	0.510198	0.49735	0.601394
1	0.510198	0.49735	0.601394
1	0.512799	0.496212	0.600348
1	0.512799	0.496212	0.600348
1	0.5129	0.497065	0.600174
1	0.51295	0.496449	0.600087
1	0.510487	0.49755	0.600522
1	0.509872	0.497825	0.59963
1	0.510609	0.497645	0.600954
1	0.512152	0.497849	0.602238
1	0.514038	0.498941	0.60056
1	0.511259	0.498173	0.60264
1	0.51213	0.497003	0.60132
1	0.512282	0.497167	0.59833
1	0.514821	0.501375	0.605582
1	0.526705	0.50451	0.614896
1	0.551426	0.512065	0.612224
1	0.593607	0.523329	0.600556
1	0.638652	0.536041	0.586139
1	0.658413	0.552239	0.559535
1	0.604677	0.577363	0.544942
1	0.525419	0.60007	0.571735
1	0.328605	0.535434	0.666934
1	0.174651	0.44115	0.655233
1	0.248913	0.438413	0.575808
1	0.383978	0.469499	0.549952
1	0.456745	0.490291	0.565988
1	0.490936	0.501219	0.584497
1	0.504984	0.507075	0.603124
1	0.498746	0.506456	0.619281
1	0.484686	0.504218	0.62382
1	0.488672	0.502617	0.611455
1	0.507168	0.502217	0.598864
1	0.523042	0.496388	0.589216
1	0.52951	0.493889	0.585304
1	0.523878	0.492222	0.591326
1	0.518469	0.493368	0.599832
1	0.520367	0.495217	0.606958
1	0.525342	0.498283	0.607739
1	0.527835	0.499571	0.602435
1	0.518709	0.49833	0.600609
1	0.509927	0.493853	0.597652
1	0.503732	0.492213	0.599913
1	0.502933	0.492845	0.601478
1	0.501733	0.492482	0.60387
1	0.501933	0.491871	0.602967
1	0.498983	0.492238	0.602242
1	0.497492	0.492994	0.601121
1	0.495123	0.492519	0.60178
1	0.497281	0.492401	0.600445
1	0.49764	0.493075	0.600223
1	0.49891	0.49254	0.601556
1	0.504978	0.492927	0.597389
1	0.504489	0.49438	0.599694
1	0.504622	0.495991	0.598924
1	0.502656	0.49431	0.598231
1	0.499164	0.494932	0.599058
1	0.50052	0.493116	0.600632
1	0.50363	0.494112	0.601658
1	0.504908	0.493841	0.601915
1	0.502977	0.49221	0.600479
1	0.502988	0.491938	0.600239
1	0.504994	0.491803	0.60012
1	0.505999	0.492221	0.60203
1	0.505999	0.491944	0.601015
1	0.5025	0.492257	0.603754
1	0.501125	0.492856	0.604438
1	0.501781	0.492485	0.60261
1	0.498445	0.492913	0.601652
1	0.497111	0.491978	0.599913
1	0.496778	0.491745	0.596978
1	0.496389	0.492747	0.596489
1	0.499347	0.493499	0.597622
1	0.504337	0.49525	0.597406
1	0.505584	0.496208	0.596351
1	0.504646	0.493844	0.597088
1	0.502411	0.492211	0.598772
1	0.503853	0.492324	0.599193
1	0.505713	0.493914	0.600298
1	0.508178	0.495354	0.602075
1	0.508795	0.496234	0.603519
1	0.504199	0.494892	0.60238
1	0.4988	0.492994	0.601095
1	0.4959	0.493372	0.601547
1	0.503112	0.495265	0.600193
1	0.506278	0.495691	0.600548
1	0.506639	0.494721	0.599274
1	0.50291	0.49243	0.599819
1	0.497977	0.492899	0.600455
1	0.497994	0.493016	0.600114
1	0.500249	0.492004	0.601528
1	0.504312	0.492272	0.601882
1	0.505328	0.49338	0.601971
1	0.503041	0.493443	0.601496
1	0.50202	0.492555	0.601748
1	0.497755	0.495535	0.601937
1	0.501189	0.494717	0.598484
1	0.503797	0.497117	0.597121
1	0.504949	0.496675	0.59778
1	0.503487	0.496565	0.597445
1	0.502622	0.492891	0.596361
1	0.501405	0.495098	0.59959
1	0.505101	0.493566	0.601398
1	0.509025	0.494225	0.600349
1	0.506506	0.493348	0.602587
1	0.506753	0.492507	0.601294
1	0.503938	0.492918	0.601823
1	0.503235	0.494584	0.600956
1	0.501059	0.496042	0.601739
1	0.500515	0.496406	0.601935
1	0.500757	0.494036	0.600967
1	0.499939	0.49278	0.600742
1	0.502735	0.492466	0.600685
1	0.504434	0.49395	0.599171
1	0.505358	0.492758	0.598793
1	0.50209	0.49194	0.600198
1	0.501772	0.491735	0.60005
1	0.501193	0.493767	0.600512
1	0.503548	0.494275	0.600128
1	0.505387	0.497006	0.600032
1	0.505847	0.496647	0.600008
1	0.502923	0.49624	0.601004
1	0.500981	0.496456	0.601751
1	0.501495	0.49651	0.601938
1	0.501124	0.493398	0.601984
1	0.501062	0.492532	0.600992
1	0.502015	0.493446	0.601748
1	0.505254	0.495236	0.600437
1	0.505063	0.49308	0.600109
1	0.502532	0.495498	0.601055
1	0.503766	0.493582	0.600527
1	0.503096	0.493469	0.599066
1	0.501524	0.493159	0.601267
1	0.503631	0.495165	0.600317
1	0.502158	0.495666	0.601079
1	0.503789	0.49475	0.60027
1	0.504395	0.493208	0.600135
1	0.502849	0.492052	0.601534
1	0.501462	0.492284	0.601883
1	0.502231	0.491975	0.601942
1	0.503308	0.492785	0.601485
1	0.504077	0.492988	0.601371
1	0.502769	0.493039	0.601343
1	0.501942	0.49201	0.599836
1	0.502236	0.491752	0.597459
1	0.501618	0.49171	0.598729
1	0.500904	0.492198	0.601182
1	0.500976	0.49232	0.601796
1	0.502494	0.492872	0.600449
1	0.501873	0.49353	0.600612
1	0.502218	0.493174	0.601153
1	0.502218	0.493174	0.601153
1	0.506152	0.492376	0.600144
1	0.505288	0.492365	0.600036
1	0.506144	0.492016	0.600018
1	0.505572	0.491841	0.600009
1	0.502697	0.491688	0.597251
1	0.499424	0.493235	0.597813
1	0.499303	0.492383	0.600477
1	0.501076	0.491846	0.599119
1	0.498269	0.491711	0.60028
1	0.498067	0.491678	0.60157
1	0.500267	0.49219	0.600892
1	0.501633	0.49297	0.601446
1	0.504158	0.492513	0.600862
1	0.50279	0.493441	0.601715
1	0.502447	0.49211	0.600429
1	0.502724	0.491888	0.601214
1	0.503431	0.492243	0.600804
1	0.503431	0.492243	0.600804
1	0.501608	0.492332	0.601701
1	0.500402	0.492875	0.598425
1	0.50085	0.491969	0.600606
1	0.500925	0.492859	0.601303
1	0.501481	0.493527	0.600826
1	0.50162	0.493694	0.600706
1	0.501655	0.493736	0.600677
1	0.501655	0.493736	0.600677
1	0.502164	0.492184	0.601669
1	0.501582	0.492967	0.601835
1	0.501145	0.491992	0.600959
1	0.501073	0.491829	0.601479
1	0.501518	0.492228	0.60187
1	0.501259	0.492989	0.601935
1	0.50313	0.492328	0.600967
1	0.504032	0.492353	0.602742
1	0.504016	0.494093	0.604371
1	0.507754	0.495919	0.601593
1	0.509688	0.495334	0.601398
1	0.510672	0.495188	0.60085
1	0.511836	0.49551	0.600425
1	0.507709	0.49419	0.600106
1	0.504177	0.492818	0.597527
1	0.498544	0.492475	0.599882
1	0.499886	0.494473	0.59847
1	0.502222	0.495493	0.597618
1	0.506305	0.498873	0.595904
1	0.516076	0.510135	0.593976
1	0.513269	0.52545	0.597994
1	0.498067	0.537092	0.598998
1	0.472767	0.535315	0.59625
1	0.425692	0.52237	0.616562
1	0.356423	0.483197	0.667141
1	0.241356	0.444237	0.734285
1	0.125839	0.456892	0.668571
1	0.220605	0.65008	0.477071
1	0.451401	0.759395	0.459268
1	0.685925	0.744404	0.610658
1	0.765981	0.665788	0.698665
1	0.810995	0.603947	0.664166
1	0.721249	0.56557	0.597542
1	0.602312	0.528372	0.570385
1	0.531328	0.502405	0.563596
1	0.509582	0.478206	0.580399
1	0.508896	0.475281	0.6011
1	0.513724	0.480278	0.602275
1	0.533181	0.486736	0.601069
1	0.532045	0.490955	0.601267
1	0.528761	0.494093	0.600317
1	0.53069	0.498523	0.597579
1	0.529673	0.501193	0.594395
1	0.525668	0.497173	0.590099
1	0.517334	0.493378	0.589049
1	0.507084	0.485845	0.586262
1	0.495021	0.480315	0.580566
1	0.489005	0.482058	0.598641
1	0.489251	0.484577	0.60416
1	0.490313	0.483644	0.60254
1	0.495578	0.484453	0.601135
1	0.498645	0.486738	0.601784
1	0.485411	0.488872	0.601946
1	0.474603	0.484718	0.595486
1	0.469651	0.485242	0.599372
1	0.480163	0.485894	0.599843
1	0.489291	0.490744	0.602961
1	0.491323	0.492478	0.60824
1	0.492081	0.489786	0.60806
1	0.48727	0.489634	0.609515
1	0.487818	0.492721	0.606879
1	0.493954	0.49193	0.60572
1	0.496869	0.492481	0.604215
1	0.495467	0.493433	0.601554
1	0.493617	0.492629	0.603388
1	0.496154	0.492428	0.604847
1	0.498577	0.492047	0.604424
1	0.499289	0.494982	0.605212
1	0.502644	0.495408	0.602606
1	0.504206	0.494999	0.598826
1	0.503603	0.494374	0.598413
1	0.503603	0.494374	0.598413
1	0.503651	0.492344	0.600103
1	0.504325	0.493047	0.600052
1	0.504325	0.493047	0.600052
1	0.503663	0.493398	0.599026
1	0.502166	0.4921	0.599756
1	0.501291	0.492817	0.600939
1	0.501291	0.492817	0.600939
1	0.501573	0.493517	0.600735
1	0.501643	0.492129	0.600684
1	0.499661	0.491782	0.600171
1	0.498165	0.492216	0.600043
1	0.500291	0.492325	0.601511
1	0.501323	0.493394	0.601878
1	0.501581	0.492098	0.600969
1	0.501581	0.492098	0.600969
1	0.501823	0.493804	0.601371
1	0.501706	0.494284	0.601843
1	0.501353	0.492976	0.600921
1	0.500088	0.492515	0.60073
1	0.500088	0.492515	0.60073
1	0.498544	0.493132	0.601365
1	0.499886	0.492554	0.599841
1	0.500443	0.49211	0.600921
1	0.500221	0.495013	0.60146
1	0.502805	0.493024	0.600865
1	0.501903	0.493387	0.601433
1	0.502226	0.492097	0.600358
1	0.500306	0.492295	0.60059
1	0.501327	0.491824	0.601147
1	0.501582	0.491706	0.601287
1	0.502291	0.492728	0.601643
1	0.501645	0.493239	0.601822
1	0.501645	0.493239	0.601822
1	0.503323	0.492453	0.600911
1	0.50179	0.493588	0.601864
1	0.503198	0.493189	0.599466
1	0.502099	0.492428	0.598733
1	0.502775	0.491857	0.597183
1	0.501597	0.494295	0.599898
1	0.500649	0.494407	0.601474
1	0.500162	0.495477	0.601369
1	0.500291	0.495744	0.601842
1	0.503073	0.494249	0.599961
1	0.502518	0.492833	0.60149
1	0.50138	0.491958	0.600873
1	0.50138	0.491958	0.600873
1	0.501095	0.49226	0.600718
1	0.504524	0.491815	0.60068
1	0.505762	0.492783	0.60034
1	0.50669	0.492987	0.600585
1	0.504923	0.491997	0.601146
1	0.502961	0.491832	0.600573
1	0.49899	0.49327	0.600643
1	0.500998	0.493109	0.600161
1	0.504499	0.492548	0.59754
1	0.50375	0.493149	0.59777
1	0.501187	0.493079	0.597443
1	0.500094	0.492373	0.597721
1	0.500023	0.491843	0.59893
1	0.501256	0.492752	0.600233
1	0.503128	0.49221	0.600116
1	0.504032	0.492844	0.601029
1	0.502758	0.491961	0.600757
1	0.500379	0.492856	0.601379
1	0.500797	0.492336	0.601922
1	0.501449	0.493397	0.601981
1	0.501112	0.493141	0.601995
1	0.501056	0.492404	0.601998
1	0.502514	0.494455	0.600999
1	0.504629	0.497051	0.60025
1	0.504157	0.496659	0.600062
1	0.501539	0.495519	0.601516
1	0.50127	0.493593	0.600758
1	0.501135	0.49263	0.601379
1	0.503034	0.493991	0.599845
1	0.503517	0.495954	0.599922
1	0.504629	0.493259	0.599981
1	0.502407	0.492065	0.599495
1	0.498102	0.492287	0.600374
1	0.498102	0.492287	0.600374
1	0.500025	0.492343	0.601593
1	0.502756	0.493398	0.600898
1	0.504189	0.49262	0.600225
1	0.501047	0.492426	0.600556
1	0.499262	0.493419	0.598639
1	0.499815	0.492105	0.60066
1	0.503204	0.491776	0.600165
1	0.505275	0.492462	0.600021
1	0.505569	0.492907	0.599505
1	0.506142	0.491977	0.599876
1	0.503286	0.492786	0.600969
1	0.502071	0.491946	0.600742
1	0.502768	0.492778	0.598686
1	0.503884	0.492222	0.599343
1	0.502442	0.492986	0.600671
1	0.502721	0.493368	0.601336
1	0.50186	0.492517	0.601668
1	0.50143	0.492092	0.600834
1	0.50143	0.492092	0.600834
1	0.502215	0.491879	0.600417
1	0.502304	0.49172	0.600104
1	0.501652	0.491693	0.601052
1	0.502326	0.492722	0.601526
1	0.502331	0.492972	0.601882
1	0.502833	0.491993	0.60097
1	0.502833	0.491993	0.60097
1	0.501458	0.49279	0.601743
1	0.501458	0.49279	0.601743
1	0.501615	0.49351	0.601936
1	0.501615	0.49351	0.601936
1	0.501307	0.492588	0.601968
1	0.501577	0.491897	0.600992
1	0.503144	0.492245	0.600748
1	0.503144	0.492245	0.600748
1	0.505036	0.491811	0.599187
1	0.503509	0.492744	0.599797
1	0.499627	0.492978	0.600949
1	0.500314	0.492322	0.600475
1	0.500657	0.491994	0.601237
1	0.503914	0.492269	0.600809
1	0.504729	0.492859	0.600202
1	0.502932	0.493006	0.601051
1	0.501966	0.492337	0.601525
1	0.501483	0.492002	0.600763
1	0.501121	0.492792	0.601691
1	0.50503	0.491948	0.598423
1	0.503008	0.492779	0.600606
1	0.502504	0.495348	0.601303
1	0.502876	0.493108	0.601826
1	0.501938	0.493429	0.601913
1	0.501469	0.492548	0.601956
1	0.501234	0.493149	0.601978
1	0.501234	0.493149	0.601978
1	0.501117	0.492408	0.601989
1	0.501117	0.492408	0.601989
1	0.501059	0.492037	0.600995
1	0.501029	0.491852	0.601497
1	0.501507	0.493275	0.600874
1	0.502127	0.492069	0.601719
1	0.502282	0.491767	0.60193
1	0.50232	0.492733	0.601982
1	0.50166	0.493242	0.601991
1	0.501165	0.493102	0.601998
1	0.502083	0.492384	0.600999
1	0.502083	0.492384	0.600999
1	0.502771	0.492888	0.60175
1	0.503885	0.492277	0.600875
1	0.502443	0.493014	0.601437
1	0.503721	0.49234	0.600719
1	0.503861	0.495128	0.600359
1	0.50393	0.495481	0.60118
1	0.504733	0.493662	0.600795
1	0.505433	0.492686	0.599199
1	0.502608	0.493484	0.6003
1	0.503804	0.492575	0.60015
1	0.503804	0.492575	0.60015
1	0.504402	0.493163	0.600075
1	0.504351	0.494124	0.600019
1	0.504338	0.492281	0.601005
1	0.502834	0.49182	0.600251
1	0.498959	0.493268	0.603563
1	0.497979	0.493509	0.603781
1	0.494745	0.492127	0.604945
1	0.491686	0.493344	0.604236
1	0.476922	0.491044	0.612559
1	0.43848	0.485782	0.63664
1	0.40062	0.477175	0.63716
1	0.369905	0.482314	0.60979
1	0.447613	0.526175	0.580724
1	0.613202	0.563168	0.57784
1	0.661601	0.564917	0.56492
1	0.8102	0.585719	0.559615
1	0.8023	0.613617	0.564904
1	0.710575	0.631529	0.547226
1	0.608394	0.664653	0.539806
1	0.359348	0.644809	0.631452
1	0.121337	0.456515	0.707363
1	0.0418343	0.419337	0.610841
1	0.193709	0.513688	0.52221
1	0.439677	0.595089	0.563553
1	0.572669	0.605022	0.615888
1	0.684667	0.606985	0.607472
1	0.826917	0.62258	0.615868
1	0.878479	0.647312	0.617967
1	0.78512	0.670161	0.572492
1	0.65978	0.68629	0.517123
1	0.229472	0.533963	0.65839
1	0.0688681	0.419949	0.640098
1	0.130467	0.522175	0.544024
1	0.448117	0.613877	0.561506
1	0.631779	0.642011	0.617877
1	0.829972	0.650303	0.627485
1	0.911493	0.670909	0.615371
1	0.828123	0.683352	0.568843
1	0.691031	0.696359	0.510211
1	0.444258	0.676173	0.543553
1	0.158064	0.497168	0.667388
1	0.0452581	0.422563	0.633424
1	0.182815	0.52387	0.558856
1	0.450454	0.593467	0.582714
1	0.596363	0.620763	0.614679
1	0.719841	0.638524	0.61167
1	0.86446	0.664319	0.614917
1	0.891865	0.677017	0.599729
1	0.781466	0.685921	0.539432
1	0.636617	0.698043	0.500858
1	0.369154	0.648469	0.589715
1	0.125789	0.479826	0.686929
1	0.0429471	0.400686	0.650732
1	0.134487	0.475171	0.573183
1	0.368372	0.569314	0.588796
1	0.551343	0.618891	0.618699
1	0.677336	0.629723	0.608175
1	0.814084	0.650139	0.608544
1	0.894521	0.666181	0.603136
1	0.81663	0.664983	0.558784
1	0.677408	0.671454	0.522696
1	0.285926	0.584192	0.605087
1	0.0947315	0.438756	0.631272
1	0.0361829	0.406043	0.582318
1	0.164546	0.508282	0.534079
1	0.418386	0.586445	0.54602
1	0.644173	0.638149	0.614253
1	0.804793	0.657975	0.639563
1	0.932448	0.680119	0.629391
1	0.851862	0.675759	0.576848
1	0.704466	0.673627	0.526712
1	0.490366	0.654344	0.539678
1	0.205342	0.514628	0.593419
1	0.0675854	0.404699	0.611855
1	0.0541463	0.422529	0.552964
1	0.212287	0.523341	0.499241
1	0.472072	0.600106	0.54481
1	0.623768	0.635964	0.609703
1	0.776942	0.652741	0.671926
1	0.918235	0.682456	0.668481
1	0.859059	0.679989	0.59862
1	0.726765	0.669476	0.524155
1	0.564941	0.672057	0.518539
1	0.288735	0.566452	0.580635
1	0.0961838	0.440571	0.619659
1	0.034546	0.409622	0.562415
1	0.152636	0.510739	0.499104
1	0.425659	0.593831	0.515776
1	0.659082	0.634645	0.611222
1	0.815021	0.646161	0.661806
1	0.89301	0.662664	0.665903
1	0.822376	0.66851	0.595738
1	0.667844	0.660878	0.538434
1	0.452961	0.613657	0.535609
1	0.21399	0.488831	0.567902
1	0.0844976	0.419083	0.585476
1	0.172374	0.431333	0.544369
1	0.372344	0.471896	0.532092
1	0.522586	0.511724	0.607023
1	0.576646	0.532098	0.655756
1	0.600912	0.544483	0.651939
1	0.595228	0.550183	0.637985
1	0.519404	0.523721	0.623998
1	0.473101	0.494993	0.601
1	0.459525	0.477915	0.58125
1	0.477066	0.468854	0.567656
1	0.480016	0.470859	0.568914
1	0.482254	0.472923	0.581729
1	0.481064	0.484377	0.601432
1	0.482516	0.490365	0.617858
1	0.491379	0.493425	0.618964
1	0.504095	0.497314	0.606741
1	0.508024	0.500891	0.601185
1	0.506006	0.500744	0.598296
1	0.503751	0.497582	0.599074
1	0.497188	0.494187	0.601269
1	0.491797	0.491776	0.601317
1	0.494449	0.492215	0.597329
1	0.499362	0.490241	0.597832
1	0.503091	0.490269	0.599458
1	0.505886	0.49045	0.596432
1	0.503943	0.4921	0.597216
1	0.501486	0.493338	0.600804
1	0.502621	0.492605	0.601701
1	0.501811	0.492136	0.601851
1	0.501953	0.495951	0.601963
1	0.499238	0.493779	0.604491
1	0.49906	0.492716	0.602623
1	0.49803	0.492191	0.602311
1	0.496757	0.49336	0.601578
1	0.493689	0.493132	0.603894
1	0.497672	0.48995	0.602474
1	0.499418	0.492279	0.602118
1	0.501855	0.493382	0.60203
1	0.501464	0.492616	0.602007
1	0.499866	0.492946	0.601502
1	0.497933	0.493348	0.601751
1	0.499983	0.492087	0.599438
1	0.501496	0.491772	0.597859
1	0.500748	0.492761	0.59793
1	0.501187	0.49194	0.597982
1	0.500797	0.491735	0.599496
1	0.5021	0.491675	0.597437
1	0.501637	0.492709	0.60018
1	0.503319	0.492188	0.60009
1	0.50308	0.492318	0.597522
1	0.49802	0.491829	0.597881
1	0.500005	0.492228	0.59997
1	0.504251	0.491807	0.602993
1	0.505626	0.491737	0.603496
1	0.503156	0.491684	0.603374
1	0.501578	0.491675	0.601687
1	0.498789	0.492713	0.601844
1	0.497895	0.493231	0.601922
1	0.496474	0.4931	0.60198
1	0.500618	0.492025	0.601495
1	0.502809	0.491846	0.600748
1	0.502952	0.492232	0.597687
1	0.499238	0.492329	0.596422
1	0.49881	0.493395	0.596105
1	0.498452	0.49314	0.600526
1	0.502363	0.492035	0.603632
1	0.505341	0.493321	0.601908
1	0.506085	0.492601	0.598477
1	0.500021	0.4919	0.597619
1	0.496003	0.492477	0.598702
1	0.496001	0.493432	0.600676
1	0.50025	0.49315	0.599169
1	0.505656	0.491852	0.596896
1	0.503328	0.491759	0.599448
1	0.500582	0.492732	0.600862
1	0.501791	0.492199	0.600431
1	0.504698	0.492321	0.600608
1	0.502849	0.493035	0.601304
1	0.499462	0.49253	0.601826
1	0.498116	0.492403	0.601456
1	0.500779	0.491851	0.600864
1	0.504445	0.491713	0.600716
1	0.505861	0.491678	0.601179
1	0.499965	0.492711	0.601795
1	0.498491	0.492969	0.597949
1	0.498123	0.493034	0.596487
1	0.499531	0.492009	0.596622
1	0.499531	0.492009	0.596622
1	0.499531	0.492009	0.596622
1	0.499531	0.492009	0.596622
1	0.501883	0.491752	0.597655
1	0.501471	0.491688	0.598914
1	0.497868	0.493235	0.599228
1	0.496934	0.492451	0.599614
1	0.496733	0.492904	0.601404
1	0.500433	0.491976	0.601351
1	0.501358	0.491744	0.601838
1	0.49909	0.492728	0.601459
1	0.498022	0.493494	0.601865
1	0.498878	0.492416	0.600483
1	0.498939	0.493083	0.600242
1	0.499485	0.492542	0.60056
1	0.500621	0.492927	0.60164
1	0.500811	0.492297	0.60182
1	0.498953	0.492345	0.601955
1	0.497488	0.492357	0.600489
1	0.497244	0.493054	0.600244
1	0.499061	0.492534	0.601561
1	0.501031	0.493142	0.599781
1	0.501031	0.493142	0.599781
1	0.499508	0.493077	0.600445
1	0.499254	0.492372	0.601223
1	0.498127	0.493061	0.601611
1	0.500282	0.492015	0.601403
1	0.500641	0.492883	0.601701
1	0.50091	0.491971	0.600925
1	0.497978	0.492263	0.601731
1	0.497978	0.492263	0.601731
1	0.497489	0.493007	0.601866
1	0.499244	0.492337	0.600933
1	0.499244	0.492337	0.600933
1	0.499122	0.493043	0.599466
1	0.497531	0.493053	0.601367
1	0.498765	0.494443	0.600683
1	0.500191	0.493402	0.601671
1	0.500548	0.493142	0.600918
1	0.498887	0.493598	0.601729
1	0.498887	0.493598	0.601729
1	0.500443	0.494716	0.600865
1	0.500111	0.496596	0.601216
1	0.501278	0.492899	0.599304
1	0.499139	0.493324	0.600652
1	0.499139	0.493324	0.600652
1	0.499569	0.494579	0.600326
1	0.500642	0.494478	0.600582
1	0.500911	0.49237	0.600645
1	0.500955	0.492018	0.601323
1	0.500978	0.491842	0.600661
1	0.499989	0.492796	0.601331
1	0.498494	0.493273	0.601665
1	0.499747	0.49247	0.600833
1	0.500374	0.492068	0.601416
1	0.501093	0.494892	0.600354
1	0.501093	0.494892	0.600354
1	0.500547	0.495363	0.600177
1	0.497387	0.496237	0.601544
1	0.497193	0.494993	0.601772
1	0.497548	0.494061	0.600943
1	0.499387	0.49539	0.601236
1	0.500194	0.493528	0.600618
1	0.499548	0.493695	0.600654
1	0.500944	0.496608	0.601582
1	0.500472	0.49622	0.601791
1	0.501368	0.492805	0.599448
1	0.501342	0.492993	0.598862
1	0.498336	0.496165	0.600715
1	0.499084	0.496958	0.601179
1	0.500271	0.494031	0.600295
1	0.500318	0.494341	0.601574
1	0.500579	0.49546	0.599893
1	0.497395	0.496261	0.601473
1	0.497697	0.497089	0.601737
1	0.499424	0.496147	0.601434
1	0.500856	0.495391	0.600859
1	0.501464	0.492598	0.599715
1	0.498616	0.493462	0.600429
1	0.499808	0.492564	0.600214
1	0.499808	0.492564	0.600214
1	0.499904	0.494199	0.600107
1	0.499976	0.495425	0.600527
1	0.500744	0.495731	0.601132
1	0.500372	0.495782	0.600566
1	0.500343	0.495821	0.600141
1	0.500672	0.495827	0.601071
1	0.501834	0.496874	0.601634
1	0.501458	0.497135	0.601408
1	0.499865	0.4972	0.598352
1	0.498716	0.496175	0.598088
1	0.500858	0.493921	0.597044
1	0.501715	0.495355	0.597261
1	0.499357	0.494553	0.59963
1	0.497589	0.49343	0.601408
1	0.497147	0.495753	0.603852
1	0.495537	0.501022	0.610463
1	0.493884	0.513797	0.626116
1	0.489221	0.532616	0.668529
1	0.507278	0.564233	0.826316
1	0.537319	0.582725	0.834579
1	0.51479	0.580132	0.702072
1	0.522947	0.563783	0.621018
1	0.520737	0.553446	0.543755
1	0.495934	0.542528	0.476439
1	0.494484	0.537715	0.42711
1	0.514871	0.526616	0.328277
1	0.523718	0.49155	0.150569
1	0.539179	0.485387	0.0761423
1	0.56709	0.510402	0.135071
1	0.604545	0.549993	0.188536
1	0.672386	0.678644	0.314134
1	0.468673	0.816601	0.778267
1	0.311337	0.763509	0.886133
1	0.408167	0.679032	0.984267
1	0.528042	0.638508	0.892567
1	0.56626	0.599731	0.697642
1	0.516908	0.581737	0.520705
1	0.496227	0.588143	0.353176
1	0.510557	0.552765	0.168794
1	0.573389	0.52465	0.0941985
1	0.643097	0.515537	0.0980496
1	0.700774	0.555447	0.144512
1	0.717944	0.66282	0.246628
1	0.573986	0.838622	0.582657
1	0.304496	0.773718	0.882664
1	0.440874	0.683013	0.968166
1	0.553469	0.598357	0.930542
1	0.521617	0.551152	0.753135
1	0.453154	0.539871	0.627284
1	0.426539	0.566739	0.552321
1	0.481885	0.600539	0.41408
1	0.558971	0.588156	0.23352
1	0.626493	0.547039	0.11088
1	0.665623	0.523739	0.08822
1	0.707656	0.553331	0.118055
1	0.692414	0.640937	0.200514
1	0.408427	0.873346	0.687064
1	0.315607	0.775628	0.915766
1	0.548152	0.710574	0.976442
1	0.598288	0.628164	0.91861
1	0.525822	0.579958	0.735153
1	0.433228	0.590724	0.576644
1	0.452057	0.631014	0.434161
1	0.528514	0.625462	0.21854
1	0.601129	0.567824	0.0816351
1	0.680782	0.540393	0.0689088
1	0.732946	0.547078	0.0962272
1	0.725236	0.619582	0.167557
1	0.591059	0.8075	0.354889
1	0.262265	0.893021	0.794222
1	0.343316	0.761797	0.944556
1	0.626329	0.694095	0.983639
1	0.631582	0.611545	0.84991
1	0.529396	0.569032	0.662977
1	0.454849	0.567779	0.564744
1	0.454962	0.589861	0.432186
1	0.502741	0.585486	0.233047
1	0.565435	0.538559	0.104762
1	0.649859	0.516931	0.10019
1	0.726215	0.530275	0.137048
1	0.741054	0.606527	0.200762
1	0.625763	0.792778	0.38419
1	0.334441	0.87684	0.804548
1	0.38811	0.743168	0.948137
1	0.576028	0.674334	0.977034
1	0.584757	0.594104	0.815259
1	0.488689	0.546443	0.648315
1	0.411172	0.539736	0.569579
1	0.427293	0.572955	0.492395
1	0.496323	0.585426	0.318599
1	0.548831	0.551044	0.15715
1	0.680979	0.519662	0.102394
1	0.744745	0.542415	0.153098
1	0.681468	0.721187	0.297387
1	0.408617	0.892276	0.683347
1	0.270904	0.788694	0.914837
1	0.464726	0.713319	0.975709
1	0.577431	0.627288	0.905927
1	0.566858	0.575051	0.722482
1	0.512464	0.543763	0.58962
1	0.475866	0.559899	0.513905
1	0.500217	0.573308	0.351976
1	0.537054	0.537598	0.185494
1	0.593514	0.499504	0.113874
1	0.665878	0.503522	0.120968
1	0.71247	0.560255	0.184242
1	0.671867	0.711418	0.321561
1	0.460967	0.86275	0.71889
1	0.371742	0.772458	0.924223
1	0.472685	0.70249	0.980056
1	0.568421	0.612602	0.873014
1	0.544855	0.556796	0.697253
1	0.475964	0.541803	0.602313
1	0.439741	0.560451	0.547078
1	0.492718	0.607556	0.354635
1	0.547679	0.568035	0.158159
1	0.67021	0.504338	0.0777698
1	0.751302	0.534939	0.123942
1	0.733826	0.63113	0.221986
1	0.601706	0.801012	0.367496
1	0.312927	0.880461	0.757374
1	0.236732	0.730532	0.935344
1	0.486183	0.659716	0.952836
1	0.599296	0.580033	0.786709
1	0.556324	0.516883	0.629677
1	0.491581	0.482867	0.547919
1	0.449645	0.467592	0.52648
1	0.458411	0.479919	0.51812
1	0.488853	0.492376	0.51853
1	0.505213	0.502261	0.543132
1	0.508803	0.502128	0.575783
1	0.511451	0.498969	0.602446
1	0.511431	0.493621	0.613806
1	0.501608	0.49528	0.619951
1	0.494152	0.49882	0.629488
1	0.484538	0.500226	0.636872
1	0.484885	0.500577	0.633218
1	0.490971	0.501707	0.620804
1	0.494993	0.501468	0.608701
1	0.496248	0.499846	0.597675
1	0.496062	0.495795	0.587419
1	0.491266	0.492699	0.592355
1	0.490566	0.492446	0.599089
1	0.491783	0.493098	0.599544
1	0.493196	0.492024	0.598386
1	0.497299	0.496444	0.593597
1	0.498075	0.497028	0.595899
1	0.493519	0.497694	0.601475
1	0.48988	0.495778	0.603869
1	0.49172	0.492694	0.601467
1	0.49368	0.493486	0.599867
1	0.49392	0.495767	0.598467
1	0.49398	0.497379	0.599617
1	0.495122	0.497068	0.602702
1	0.494031	0.496663	0.600175
1	0.491758	0.49552	0.598044
1	0.492189	0.493151	0.599011
1	0.492649	0.494717	0.600376
1	0.492412	0.493992	0.598094
1	0.490853	0.49381	0.595024
1	0.486963	0.492723	0.596256
1	0.488991	0.491931	0.599064
1	0.491498	0.494337	0.600766
1	0.496624	0.492334	0.598191
1	0.495656	0.496521	0.597548
1	0.492914	0.497047	0.599887
1	0.493457	0.49644	0.599943
1	0.491114	0.494423	0.600986
1	0.492029	0.495481	0.600246
1	0.495507	0.496787	0.600062
1	0.499254	0.49631	0.600031
1	0.498563	0.496994	0.601508
1	0.495391	0.496644	0.601377
1	0.492848	0.497078	0.600844
1	0.490212	0.496144	0.601211
1	0.491803	0.494869	0.601303
1	0.496725	0.497015	0.596913
1	0.493931	0.493525	0.597728
1	0.493991	0.501013	0.598216
1	0.492998	0.497649	0.600054
1	0.493499	0.496808	0.601013
1	0.492375	0.497119	0.601753
1	0.496094	0.497196	0.600438
1	0.494023	0.496174	0.60111
1	0.493012	0.497045	0.600555
1	0.490253	0.497178	0.601639
1	0.492813	0.49617	0.59841
1	0.493407	0.497043	0.598205
1	0.495852	0.496136	0.598551
1	0.493926	0.495985	0.600276
1	0.493963	0.495909	0.598138
1	0.493981	0.495871	0.598069
1	0.493995	0.496884	0.599517
1	0.493499	0.497138	0.600879
1	0.493749	0.496486	0.60144
1	0.493687	0.497038	0.60186
1	0.492922	0.496135	0.601965
1	0.492922	0.496135	0.601965
1	0.492461	0.497026	0.601982
1	0.495615	0.496131	0.600496
1	0.494654	0.49747	0.600124
1	0.493327	0.496652	0.601062
1	0.492332	0.496559	0.601766
1	0.493583	0.497056	0.600441
1	0.493396	0.497181	0.60111
1	0.492599	0.495649	0.601778
1	0.49715	0.493704	0.597444
1	0.497575	0.49581	0.596722
1	0.497644	0.49739	0.597181
1	0.495161	0.495702	0.597795
1	0.49454	0.496321	0.597449
1	0.493385	0.496476	0.599862
1	0.495193	0.496155	0.599931
1	0.496548	0.496955	0.599983
1	0.496548	0.496955	0.599983
1	0.494319	0.495192	0.600498
1	0.49258	0.498277	0.601624
1	0.493145	0.496965	0.601406
1	0.494786	0.496637	0.600852
1	0.496393	0.496235	0.598426
1	0.496697	0.496034	0.599213
1	0.497174	0.495884	0.598803
1	0.495794	0.496367	0.600201
1	0.496397	0.497142	0.6001
1	0.496397	0.497142	0.6001
1	0.496349	0.49616	0.600025
1	0.494175	0.497039	0.601013
1	0.495587	0.496436	0.600506
1	0.496294	0.497176	0.600253
1	0.496647	0.496505	0.600127
1	0.494162	0.497564	0.600532
1	0.49454	0.496787	0.600633
1	0.49577	0.49631	0.600316
1	0.495885	0.497113	0.600158
1	0.496721	0.497195	0.60004
1	0.49843	0.497215	0.59701
1	0.498608	0.497221	0.596253
1	0.498152	0.496701	0.596063
1	0.497576	0.497309	0.598032
1	0.497144	0.497244	0.600008
1	0.497572	0.496539	0.598004
1	0.497143	0.49653	0.600001
1	0.496786	0.49757	0.6
1	0.496946	0.497309	0.6005
1	0.497493	0.49758	0.599312
1	0.494123	0.496791	0.601328
1	0.493781	0.497114	0.601832
1	0.497195	0.496154	0.600458
1	0.497799	0.496434	0.599114
1	0.497799	0.496434	0.599114
1	0.497399	0.497175	0.599557
1	0.4972	0.496504	0.599779
1	0.4972	0.496504	0.599779
1	0.4963	0.497043	0.599945
1	0.497038	0.496766	0.598493
1	0.497009	0.496587	0.599623
1	0.497252	0.497063	0.600906
1	0.498063	0.497183	0.601726
1	0.497266	0.497212	0.600432
1	0.497033	0.496527	0.600054
1	0.497017	0.49618	0.601027
1	0.497008	0.497048	0.601514
1	0.498502	0.497179	0.600378
1	0.498376	0.49617	0.601095
1	0.496844	0.496438	0.601774
1	0.496461	0.497026	0.600943
1	0.496615	0.497173	0.601736
1	0.497904	0.496168	0.601434
1	0.496726	0.496438	0.600358
1	0.496363	0.497177	0.600179
1	0.500341	0.49669	0.600545
1	0.502335	0.496568	0.601636
1	0.498834	0.496017	0.601909
1	0.496708	0.4964	0.600477
1	0.496354	0.497158	0.600239
1	0.497839	0.496165	0.60156
1	0.498419	0.497041	0.60178
1	0.500105	0.496135	0.600945
1	0.502276	0.492784	0.597736
1	0.500319	0.492467	0.596934
1	0.50029	0.495673	0.599867
1	0.502322	0.496314	0.601467
1	0.502661	0.496074	0.600733
1	0.498665	0.495893	0.601183
1	0.498666	0.49689	0.599296
1	0.500167	0.496618	0.600324
1	0.501792	0.49655	0.598581
1	0.501198	0.496533	0.600145
1	0.500549	0.49705	0.601036
1	0.498387	0.497179	0.601259
1	0.499097	0.497211	0.598815
1	0.499274	0.49722	0.597704
1	0.498319	0.497222	0.599426
1	0.49883	0.499305	0.600856
1	0.501707	0.499826	0.600214
1	0.498927	0.505165	0.604054
1	0.489232	0.510145	0.613013
1	0.488808	0.520245	0.613753
1	0.498952	0.526936	0.610938
1	0.511988	0.528609	0.606235
1	0.518247	0.530069	0.604059
1	0.497562	0.530434	0.610015
1	0.49414	0.524275	0.620004
1	0.518035	0.51284	0.610501
1	0.541259	0.487064	0.588125
1	0.527315	0.451454	0.567531
1	0.494829	0.408176	0.568383
1	0.489979	0.357012	0.612548
1	0.502495	0.352274	0.646137
1	0.495124	0.354214	0.632034
1	0.51839	0.384902	0.554754
1	0.494848	0.431121	0.534189
1	0.448962	0.494239	0.570047
1	0.43624	0.577205	0.604512
1	0.48078	0.730224	0.580064
1	0.51889	0.765112	0.592032
1	0.610861	0.747983	0.667504
1	0.594931	0.715658	0.651752
1	0.512366	0.581384	0.510219
1	0.505342	0.475554	0.507055
1	0.488335	0.353784	0.569764
1	0.465584	0.283759	0.659441
1	0.466896	0.268856	0.74986
1	0.456724	0.281797	0.780965
1	0.435431	0.315762	0.704241
1	0.446108	0.369045	0.58306
1	0.492777	0.438094	0.494265
1	0.448444	0.53244	0.489566
1	0.448611	0.654985	0.547892
1	0.529403	0.76583	0.638973
1	0.601601	0.803957	0.669243
1	0.5557	0.717161	0.556155
1	0.499925	0.636061	0.511039
1	0.483731	0.552765	0.52376
1	0.481933	0.431941	0.55144
1	0.482233	0.313715	0.61186
1	0.492308	0.270095	0.715465
1	0.502577	0.26492	0.780866
1	0.489144	0.282376	0.753217
1	0.471036	0.323719	0.645804
1	0.506259	0.380409	0.530451
1	0.524065	0.445102	0.473613
1	0.482016	0.531067	0.518403
1	0.456254	0.636413	0.605101
1	0.476814	0.751291	0.655275
1	0.542453	0.813344	0.648819
1	0.574863	0.788232	0.655205
1	0.527216	0.715287	0.598301
1	0.493304	0.632988	0.514075
1	0.493826	0.540539	0.493019
1	0.490456	0.425239	0.537255
1	0.470614	0.313601	0.607314
1	0.472404	0.258609	0.703828
1	0.491101	0.259965	0.776957
1	0.491275	0.286345	0.761739
1	0.475569	0.328878	0.642935
1	0.498892	0.38274	0.497234
1	0.516973	0.445685	0.408808
1	0.454743	0.536942	0.469202
1	0.445686	0.664444	0.599301
1	0.495921	0.788507	0.704825
1	0.56948	0.832023	0.718706
1	0.56687	0.777797	0.662677
1	0.491109	0.645662	0.500585
1	0.488777	0.561416	0.474146
1	0.494194	0.443479	0.516037
1	0.495399	0.278352	0.635255
1	0.50585	0.256567	0.757814
1	0.519462	0.26935	0.817453
1	0.509116	0.313692	0.760363
1	0.485279	0.371652	0.639091
1	0.48707	0.437184	0.495273
1	0.453517	0.520233	0.414818
1	0.437379	0.619121	0.443705
1	0.471845	0.746968	0.566926
1	0.541461	0.826846	0.696732
1	0.578365	0.795253	0.702183
1	0.535091	0.702459	0.590546
1	0.481023	0.590719	0.501636
1	0.460506	0.465909	0.502409
1	0.471876	0.330019	0.552102
1	0.507719	0.262192	0.644026
1	0.52418	0.262944	0.752006
1	0.523795	0.295944	0.798002
1	0.504449	0.347424	0.7315
1	0.476112	0.402481	0.596875
1	0.464389	0.515675	0.445859
1	0.475597	0.616939	0.502465
1	0.471899	0.724027	0.632616
1	0.550975	0.805486	0.704154
1	0.578372	0.747821	0.622769
1	0.537186	0.708286	0.559385
1	0.472273	0.574994	0.486423
1	0.475318	0.466665	0.526606
1	0.48383	0.348958	0.574151
1	0.494207	0.280989	0.641538
1	0.501552	0.272852	0.754884
1	0.503888	0.2979	0.814221
1	0.483722	0.340621	0.747555
1	0.45393	0.384114	0.608389
1	0.469233	0.433528	0.478097
1	0.506808	0.497445	0.414024
1	0.494202	0.573319	0.449506
1	0.47355	0.679267	0.565377
1	0.518888	0.77815	0.673844
1	0.593222	0.794538	0.712461
1	0.573805	0.740822	0.651615
1	0.490451	0.660205	0.545904
1	0.452863	0.578072	0.517476
1	0.458466	0.479414	0.548869
1	0.458116	0.379749	0.589717
1	0.461529	0.324104	0.651929
1	0.466632	0.302901	0.731482
1	0.463908	0.3101	0.778871
1	0.474977	0.345233	0.735718
1	0.493744	0.397767	0.653429
1	0.523436	0.453088	0.551857
1	0.540609	0.502855	0.463464
1	0.487701	0.555305	0.511433
1	0.498675	0.600285	0.580858
1	0.517169	0.646946	0.594715
1	0.530146	0.660816	0.562839
1	0.525787	0.630829	0.57371
1	0.502947	0.586874	0.575927
1	0.486987	0.538385	0.565482
1	0.483747	0.489284	0.57037
1	0.494687	0.449925	0.596093
1	0.499843	0.442671	0.613046
1	0.503961	0.445564	0.658762
1	0.50024	0.457745	0.69419
1	0.49406	0.46704	0.689048
1	0.496515	0.475614	0.659762
1	0.505379	0.480362	0.625941
1	0.516345	0.485715	0.590485
1	0.521336	0.488616	0.565621
1	0.513334	0.491425	0.565905
1	0.511833	0.499419	0.584476
1	0.537708	0.510271	0.584119
1	0.521427	0.512464	0.59453
1	0.489357	0.507803	0.613632
1	0.466839	0.500388	0.623408
1	0.46621	0.49541	0.610352
1	0.484302	0.495207	0.595588
1	0.497826	0.497239	0.591397
1	0.506978	0.501217	0.592175
1	0.503495	0.501346	0.601044
1	0.507374	0.504503	0.606761
1	0.509343	0.506334	0.61169
1	0.507086	0.504709	0.608423
1	0.501771	0.50274	0.603606
1	0.497693	0.503289	0.606901
1	0.502423	0.50551	0.606225
1	0.506606	0.504502	0.602556
1	0.508651	0.502688	0.597639
1	0.506663	0.501714	0.59741
1	0.506831	0.501899	0.596705
1	0.504916	0.501991	0.597352
1	0.504229	0.501539	0.597338
1	0.505614	0.50077	0.596669
1	0.506654	0.501234	0.596667
1	0.505413	0.500309	0.599667
1	0.503103	0.500598	0.600417
1	0.498388	0.501377	0.597302
1	0.497347	0.499303	0.599326
1	0.499837	0.501388	0.601331
1	0.502918	0.501736	0.600666
1	0.50548	0.500434	0.601666
1	0.50562	0.500629	0.601917
1	0.499905	0.500157	0.599979
1	0.497476	0.50056	0.599995
1	0.501869	0.501703	0.602499
1	0.507217	0.501988	0.600625
1	0.505804	0.501539	0.598156
1	0.505951	0.500906	0.596539
1	0.502488	0.500226	0.600135
1	0.503122	0.500057	0.601034
1	0.504281	0.500535	0.600758
1	0.50507	0.501696	0.59969
1	0.507268	0.501466	0.597422
1	0.507317	0.500366	0.597356
1	0.507079	0.497487	0.596339
1	0.50654	0.498744	0.596169
1	0.505567	0.501405	0.598271
1	0.505784	0.500703	0.598136
1	0.506196	0.499655	0.597534
1	0.507549	0.500435	0.599383
1	0.507887	0.500109	0.600346
1	0.509472	0.500548	0.597086
1	0.506736	0.500274	0.599543
1	0.504934	0.499027	0.601386
1	0.506733	0.499757	0.600846
1	0.505367	0.50092	0.601423
1	0.505842	0.499188	0.600856
1	0.50546	0.497714	0.603714
1	0.506615	0.496303	0.601429
1	0.503404	0.495951	0.601357
1	0.502601	0.496384	0.601839
1	0.5018	0.49715	0.60392
1	0.50445	0.500329	0.60198
1	0.505113	0.501124	0.599995
1	0.506028	0.49976	0.596999
1	0.506007	0.498898	0.59725
1	0.506003	0.500491	0.596625
1	0.506002	0.501287	0.597312
1	0.507001	0.500644	0.598656
1	0.50525	0.501723	0.600164
1	0.50525	0.501723	0.600164
1	0.506625	0.500862	0.600082
1	0.505313	0.500431	0.601041
1	0.504914	0.500835	0.59763
1	0.504457	0.501459	0.599815
1	0.506614	0.500365	0.600454
1	0.504577	0.501869	0.600807
1	0.504288	0.500934	0.600403
1	0.504072	0.500754	0.600101
1	0.504036	0.501419	0.60005
1	0.504018	0.500709	0.601025
1	0.505504	0.500698	0.601756
1	0.505876	0.501737	0.600939
1	0.502469	0.501476	0.601735
1	0.502367	0.498806	0.601934
1	0.503842	0.499181	0.601483
1	0.50596	0.500316	0.600871
1	0.50799	0.500079	0.600218
1	0.504998	0.500541	0.600554
1	0.504749	0.499614	0.600139
1	0.504687	0.49782	0.601535
1	0.505672	0.498413	0.601384
1	0.505918	0.498562	0.601346
1	0.507479	0.498599	0.598336
1	0.50687	0.499129	0.597084
1	0.504967	0.497699	0.597271
1	0.504121	0.501275	0.600659
1	0.50703	0.50136	0.600165
1	0.506758	0.501382	0.599041
1	0.506379	0.500691	0.598521
1	0.504595	0.500694	0.59963
1	0.504297	0.501388	0.599815
1	0.504149	0.501736	0.600908
1	0.508037	0.501476	0.598227
1	0.509019	0.500738	0.597113
1	0.505505	0.500705	0.600778
1	0.506126	0.501739	0.601695
1	0.509282	0.500956	0.600424
1	0.50657	0.501801	0.601106
1	0.506285	0.501942	0.600553
1	0.506321	0.501006	0.600138
1	0.50633	0.500252	0.601535
1	0.505665	0.501167	0.601767
1	0.506666	0.501334	0.601442
1	0.505417	0.501896	0.60086
1	0.503354	0.500474	0.599215
1	0.501677	0.501279	0.600608
1	0.503419	0.50084	0.601152
1	0.508105	0.501773	0.600288
1	0.509276	0.501485	0.600572
1	0.508319	0.500892	0.600143
1	0.50508	0.500744	0.601536
1	0.50454	0.501414	0.600768
1	0.505635	0.501395	0.601692
1	0.505909	0.50139	0.601423
1	0.505954	0.501737	0.598711
1	0.505994	0.499696	0.597339
1	0.504997	0.50089	0.599669
1	0.507499	0.500445	0.597835
1	0.507375	0.501674	0.597459
1	0.505594	0.500939	0.599865
1	0.506648	0.500756	0.600466
1	0.507912	0.500189	0.600117
1	0.508228	0.500568	0.600029
1	0.506307	0.501184	0.601007
1	0.505827	0.500817	0.601752
1	0.504707	0.500204	0.601938
1	0.506927	0.501093	0.601484
1	0.508482	0.500273	0.600371
1	0.50687	0.50111	0.601093
1	0.504968	0.501319	0.600773
1	0.504484	0.50066	0.601387
1	0.505121	0.501727	0.599847
1	0.50756	0.500864	0.597923
1	0.50764	0.501258	0.597481
1	0.50566	0.500835	0.59987
1	0.505415	0.501771	0.600468
1	0.507677	0.500742	0.600808
1	0.508419	0.500186	0.601702
1	0.509105	0.500046	0.598426
1	0.506276	0.501053	0.600106
1	0.506035	0.501694	0.601763
1	0.506259	0.501986	0.601941
1	0.507815	0.501538	0.600485
1	0.508204	0.501947	0.600121
1	0.507301	0.501528	0.59903
1	0.506575	0.500382	0.597258
1	0.505144	0.501658	0.598314
1	0.504536	0.500414	0.601079
1	0.507384	0.501145	0.60027
1	0.509096	0.500286	0.599567
1	0.508524	0.500592	0.599892
1	0.505131	0.501711	0.600473
1	0.504283	0.501469	0.601618
1	0.507641	0.501776	0.600809
1	0.507821	0.50193	0.601405
1	0.508205	0.501524	0.600851
1	0.506301	0.501423	0.601213
1	0.506325	0.500876	0.598803
1	0.505163	0.500438	0.600402
1	0.504581	0.501261	0.601201
1	0.508198	0.500158	0.60015
1	0.509049	0.50056	0.599038
1	0.505762	0.501703	0.601259
1	0.50447	0.501775	0.601907
1	0.507368	0.501485	0.600477
1	0.508092	0.501934	0.600119
1	0.508773	0.501004	0.60003
1	0.508386	0.500502	0.600015
1	0.505347	0.501688	0.601504
1	0.504587	0.501985	0.601876
1	0.505397	0.501538	0.601469
1	0.5053	0.501494	0.601434
1	0.50665	0.500747	0.600717
1	0.506912	0.500708	0.600679
1	0.507978	0.500177	0.60017
1	0.508245	0.500044	0.600042
1	0.507311	0.500532	0.600511
1	0.506078	0.501175	0.601128
1	0.507769	0.500294	0.600282
1	0.508192	0.500073	0.60007
1	0.508298	0.500018	0.600018
1	0.506149	0.501051	0.601009
1	0.504787	0.501825	0.601752
1	0.507447	0.500456	0.600438
1	0.507112	0.501156	0.59911
1	0.506278	0.501851	0.601277
1	0.507569	0.500984	0.600319
1	0.507569	0.500984	0.600319
1	0.507392	0.501288	0.59808
1	0.505348	0.501884	0.60102
1	0.507837	0.500471	0.600255
1	0.508459	0.500118	0.597064
1	0.507115	0.50055	0.598766
1	0.507115	0.50055	0.598766
1	0.505779	0.5017	0.601191
